0,-0.177971,-0.926909,-0.167689,0
0.0157914,-0.181552,-0.926909,-0.165827,0
0.0335445,-0.181041,-0.926909,-0.166093,0
0.0502954,-0.177021,-0.926909,-0.166321,0
0.0670939,-0.177157,-0.935494,-0.162792,0
0.0839067,-0.177273,-0.951439,-0.159767,0
0.100831,-0.177373,-0.956521,-0.160899,0
0.11756,-0.184621,-0.969462,-0.158145,0
0.134686,-0.187252,-0.971969,-0.16137,0
0.151424,-0.200251,-0.974117,-0.160411,0
0.16831,-0.211392,-0.984545,-0.161451,0
0.185147,-0.220943,-0.984897,-0.164204,0
0.202585,-0.23271,-0.985199,-0.168426,0
0.219101,-0.249958,-0.976872,-0.170183,0
0.235894,-0.264742,-0.97832,-0.175413,0
0.252247,-0.277414,-0.979561,-0.179896,0
0.268542,-0.29902,-0.972039,-0.181876,0
0.287216,-0.324701,-0.965592,-0.183574,0
0.303241,-0.350295,-0.960066,-0.186891,0
0.319032,-0.372232,-0.946743,-0.189734,0
0.336385,-0.391036,-0.935324,-0.195896,0
0.352971,-0.403572,-0.91695,-0.201177,0
0.370469,-0.410736,-0.909787,-0.205704,0
0.387187,-0.409714,-0.912233,-0.211446,0
0.404021,-0.41242,-0.922915,-0.212643,0
0.420841,-0.411157,-0.932072,-0.21367,0
0.437671,-0.399332,-0.957091,-0.212687,0
0.45459,-0.389196,-0.987123,-0.211846,0
0.471487,-0.373346,-1.00428,-0.212986,0
0.488323,-0.352597,-1.01898,-0.215826,0
0.505038,-0.338394,-1.03159,-0.21826,0
0.522718,-0.319058,-1.04239,-0.218484,0
0.539035,-0.298902,-1.05165,-0.218676,0
0.555379,-0.270883,-1.051,-0.216979,0
0.571981,-0.243285,-1.05045,-0.213661,0
0.589042,-0.216049,-1.05855,-0.210818,0
0.605867,-0.185541,-1.05692,-0.206519,0
0.622687,-0.15581,-1.05552,-0.202834,0
0.639489,-0.119583,-1.0629,-0.199675,0
0.656286,-0.0813695,-1.06923,-0.193244,0
0.673152,-0.0450335,-1.07466,-0.185869,0
0.689922,-0.0103072,-1.07072,-0.177685,0
0.706858,0.0230394,-1.06735,-0.170671,0
0.723666,0.048041,-1.07304,-0.162796,0
0.740402,0.0730521,-1.07792,-0.152323,0
0.756602,0.0980713,-1.08211,-0.141483,0
0.773972,0.119516,-1.07711,-0.132192,0
0.790757,0.130736,-1.06424,-0.12609,0
0.807551,0.136771,-1.0532,-0.12086,0
0.824564,0.141944,-1.04375,-0.114515,0
0.841362,0.142797,-1.03564,-0.107214,0
0.858866,0.139947,-1.02869,-0.100956,0
0.875211,0.137504,-1.01415,-0.0955924,0
0.891455,0.131829,-1.00169,-0.0909948,0
0.908617,0.116221,-0.982421,-0.087054,0
0.925259,0.102843,-0.948734,-0.0874005,0
0.943172,0.0913758,-0.911273,-0.0839732,0
0.958906,0.0815469,-0.870577,-0.0828977,0
0.975683,0.0802845,-0.835696,-0.0819758,0
0.992525,0.0720401,-0.788625,-0.0774613,0
1.0094,0.0578112,-0.74828,-0.0735918,0
1.0261,0.045615,-0.705112,-0.0721372,0
1.04293,0.0315799,-0.66811,-0.0690282,0
1.05994,0.023131,-0.636395,-0.0663634,0
1.07654,0.0158891,-0.617797,-0.0659414,0
1.09337,0.00968173,-0.610441,-0.0674418,0
1.11015,0.000779982,-0.612721,-0.0724522,0
1.12698,-0.00685009,-0.60609,-0.0767468,0
1.14378,-0.0169713,-0.591821,-0.0804279,0
1.16057,-0.0292278,-0.562418,-0.0835831,0
1.17809,-0.0468957,-0.537216,-0.0862875,0
1.19451,-0.0548773,-0.515614,-0.0811571,0
1.2113,-0.0545563,-0.497099,-0.0786217,0
1.22735,-0.0471189,-0.489814,-0.0764485,0
1.24458,-0.0443251,-0.483569,-0.0745858,0
1.26135,-0.0383493,-0.469631,-0.0767135,0
1.27814,-0.0368083,-0.474856,-0.0822614,0
1.29493,-0.0354874,-0.496506,-0.0832926,0
1.31175,-0.027193,-0.54082,-0.0860385,0
1.32856,-0.0200834,-0.578804,-0.0883922,0
1.34536,-0.0175707,-0.611362,-0.0904096,0
1.36223,-0.0118358,-0.639268,-0.0958632,0
1.37899,-0.00692011,-0.671774,-0.109848,0
1.39579,-0.00270669,-0.699636,-0.123698,0
1.41261,0.00806713,-0.723518,-0.137431,0
1.42941,0.0173018,-0.769745,-0.152926,0
1.44627,0.0252173,-0.800783,-0.166208,0
1.46311,0.0355831,-0.835972,-0.177592,0
1.47986,0.0444681,-0.866135,-0.18735,0
1.49668,0.0592462,-0.917746,-0.197577,0
1.51422,0.0683319,-0.979155,-0.208204,0
1.53066,0.0797008,-1.02321,-0.219175,0
1.5474,0.0822833,-1.04379,-0.232304,0
1.56337,0.0809157,-1.07002,-0.247281,0
1.58083,0.0761623,-1.10109,-0.26198,0
1.59769,0.0792503,-1.13631,-0.276442,0
1.61464,0.0854783,-1.17508,-0.2907,0
1.63144,0.0943977,-1.22549,-0.304783,0
1.64825,0.102043,-1.27728,-0.318717,0
1.66505,0.112177,-1.32167,-0.334384,0
1.68188,0.124445,-1.35972,-0.349675,0
1.69869,0.142122,-1.38375,-0.362782,0
1.71549,0.153693,-1.40434,-0.375879,0
1.73234,0.167192,-1.42199,-0.385242,0
1.74911,0.185925,-1.42854,-0.389544,0
1.76605,0.201982,-1.43415,-0.398817,0
1.78284,0.215745,-1.42179,-0.408628,0
1.79962,0.223961,-1.40261,-0.417037,0
1.81642,0.231003,-1.36899,-0.422383,0
1.83325,0.237039,-1.34877,-0.425103,0
1.85034,0.242213,-1.32284,-0.42371,0
1.86719,0.246647,-1.28345,-0.422516,0
1.88336,0.246867,-1.24969,-0.419631,0
1.90046,0.247056,-1.22075,-0.41902,0
1.91713,0.247217,-1.18736,-0.418496,0
1.93417,0.243775,-1.15874,-0.416185,0
1.95079,0.244405,-1.1342,-0.414204,0
1.96767,0.244945,-1.10459,-0.410644,0
1.98456,0.241827,-1.07062,-0.411316,0
2.00137,0.239155,-1.04151,-0.410031,0
2.01819,0.236864,-1.00796,-0.408929,0
2.03498,0.2349,-0.987798,-0.407985,0
2.0518,0.236798,-0.970514,-0.405313,0
2.06865,0.238425,-0.947113,-0.403023,0
2.08545,0.23982,-0.927055,-0.402922,0
2.10229,0.241015,-0.909862,-0.402836,0
2.11907,0.24204,-0.912298,-0.404624,0
2.13576,0.242918,-0.905799,-0.406157,0
2.15271,0.247252,-0.908815,-0.40747,0
2.17018,0.250966,-0.9114,-0.406734,0
2.18676,0.250569,-0.913615,-0.407966,0
2.20315,0.246648,-0.932686,-0.409021,0
2.21967,0.243286,-0.940446,-0.41365,0
2.23618,0.243987,-0.947098,-0.417617,0
