0,-0.00605767,-1.00007,-0.265351,0
0.0158037,-0.00605767,-0.995253,-0.265351,0
0.0333024,-0.00934557,-0.991127,-0.262842,0
0.0500715,-0.0121638,-0.977965,-0.260692,0
0.067502,-0.0112915,-0.971496,-0.25634,0
0.0839358,-0.0204075,-0.965951,-0.247592,0
0.100605,-0.0216454,-0.961198,-0.242603,0
0.116808,-0.0292823,-0.961938,-0.235817,0
0.134257,-0.0292524,-0.957759,-0.23251,0
0.151024,-0.0292268,-0.954176,-0.234693,0
0.16783,-0.0259169,-0.955919,-0.231546,0
0.184682,-0.0165041,-0.962226,-0.22634,0
0.201451,-0.00843592,-0.962818,-0.221878,0
0.218427,-0.00480826,-0.963326,-0.218053,0
0.235224,-0.00169884,-0.963762,-0.212266,0
0.252033,0.000966382,-0.964135,-0.207305,0
0.268828,-3.70532e-05,-0.964455,-0.203054,0
0.285637,0.00239077,-0.964729,-0.201918,0
0.302444,0.00775967,-0.964964,-0.200945,0
0.319265,0.00249785,-0.965165,-0.202619,0
0.336076,0.00785145,-0.960525,-0.204054,0
0.352938,0.0124403,-0.956547,-0.200267,0
0.369694,0.0130856,-0.953138,-0.197021,0
0.386498,0.0136388,-0.950216,-0.196747,0
0.404048,0.0174008,-0.942898,-0.196512,0
0.420301,0.0206254,-0.936625,-0.196311,0
0.436689,0.0266773,-0.931249,-0.198648,0
0.453491,0.0351525,-0.921828,-0.195633,0
0.470496,0.042417,-0.908939,-0.193048,0
0.486409,0.0519315,-0.888265,-0.193342,0
0.503292,0.056799,-0.870545,-0.193594,0
0.519843,0.0576832,-0.860169,-0.191301,0
0.536541,0.0650169,-0.856089,-0.191844,0
0.553295,0.068015,-0.842965,-0.194819,0
0.569975,0.064009,-0.831716,-0.202386,0
0.586715,0.0638632,-0.822074,-0.206363,0
0.603424,0.0670262,-0.823436,-0.209773,0
0.620138,0.0697373,-0.81979,-0.210186,0
0.637733,0.072061,-0.826291,-0.208031,0
0.65454,0.0773408,-0.831864,-0.206185,0
0.671347,0.0818663,-0.841453,-0.212128,0
0.688148,0.0824573,-0.84486,-0.22224,0
0.70518,0.0862519,-0.842967,-0.235925,0
0.72201,0.0862164,-0.836531,-0.230094,0
0.739477,0.086186,-0.835827,-0.230113,0
0.75589,0.0828721,-0.835224,-0.237656,0
0.772556,0.0800316,-0.839521,-0.241612,0
0.788768,0.071021,-0.833577,-0.247512,0
0.805986,0.0632977,-0.823669,-0.247552,0
0.822715,0.0533898,-0.815177,-0.250095,0
0.839524,0.0448973,-0.807898,-0.252274,0
0.856327,0.0277543,-0.806472,-0.25916,0
0.873185,0.0130603,-0.795623,-0.260044,0
0.889961,0.00704124,-0.786324,-0.255785,0
0.906765,0.00188206,-0.778354,-0.257151,0
0.923644,-0.0156917,-0.785961,-0.260832,0
0.940393,-0.0471945,-0.802108,-0.261477,0
0.957201,-0.0807727,-0.820762,-0.254504,0
0.97402,-0.119418,-0.85119,-0.24351,0
0.990893,-0.15583,-0.886897,-0.234086,0
1.00766,-0.190328,-0.931943,-0.236044,0
1.02484,-0.226474,-0.970554,-0.242739,0
1.04132,-0.257456,-1.00846,-0.261022,0
1.05811,-0.284013,-1.04577,-0.281711,0
1.0755,-0.310063,-1.07774,-0.299444,0
1.0919,-0.332392,-1.10515,-0.312136,0
1.10858,-0.341667,-1.14308,-0.323014,0
1.12469,-0.343041,-1.18041,-0.32732,0
1.14225,-0.340932,-1.2124,-0.331012,0
1.15907,-0.335835,-1.24945,-0.336684,0
1.17589,-0.328179,-1.28121,-0.346564,0
1.19269,-0.324905,-1.30843,-0.357542,0
1.20953,-0.322098,-1.32695,-0.364442,0
1.22635,-0.316404,-1.34764,-0.367848,0
1.24318,-0.304948,-1.37499,-0.373276,0
1.25995,-0.291841,-1.41288,-0.380437,0
1.27677,-0.283894,-1.45017,-0.384067,0
1.29357,-0.277082,-1.48694,-0.377143,0
1.31036,-0.274531,-1.50884,-0.36619,0
1.3272,-0.275633,-1.52761,-0.356802,0
1.34421,-0.273289,-1.53888,-0.351264,0
1.36096,-0.261416,-1.56298,-0.356552,0
1.37776,-0.228224,-1.59808,-0.35105,0
1.39457,-0.193198,-1.61854,-0.336299,0
1.41203,-0.179616,-1.62163,-0.318637,0
1.42836,-0.184413,-1.5906,-0.308516,0
1.44468,-0.158933,-1.55918,-0.324929,0
1.46163,-0.12723,-1.53225,-0.346523,0
1.47847,-0.103344,-1.49473,-0.34998,0
1.49533,-0.109174,-1.43369,-0.335381,0
1.51212,-0.120746,-1.3573,-0.315342,0
1.52893,-0.130665,-1.2822,-0.303183,0
1.54573,-0.116152,-1.18895,-0.305305,0
1.56255,-0.100424,-1.07533,-0.299597,0
1.57935,-0.109959,-0.95388,-0.274634,0
1.59616,-0.124707,-0.84015,-0.253238,0
1.61302,-0.140636,-0.728228,-0.239915,0
1.62981,-0.144426,-0.622668,-0.228496,0
1.6466,-0.144386,-0.541815,-0.223726,0
1.66365,-0.150928,-0.477325,-0.217128,0
1.68028,-0.1664,-0.422048,-0.201438,0
1.69706,-0.169797,-0.379481,-0.177954,0
1.71388,-0.166133,-0.347808,-0.157825,0
1.73069,-0.153129,-0.335099,-0.140571,0
1.74815,-0.148558,-0.333832,-0.1308,0
1.76447,-0.144641,-0.351998,-0.112389,0
1.78075,-0.137995,-0.372383,-0.0941002,0
1.79789,-0.122434,-0.394668,-0.0734061,0
1.81458,-0.115673,-0.41377,-0.0531595,0
1.8314,-0.109877,-0.439769,-0.0433317,0
1.84821,-0.118061,-0.466867,-0.0349078,0
1.86519,-0.128364,-0.490094,-0.0301962,0
1.882,-0.133907,-0.519629,-0.0261576,0
1.89881,-0.141946,-0.554571,-0.0252048,0
1.91562,-0.148837,-0.579708,-0.026897,0
1.93243,-0.17447,-0.591628,-0.0308562,0
1.94925,-0.212882,-0.582593,-0.0392674,0
1.96605,-0.245806,-0.574848,-0.0489858,0
1.9829,-0.270738,-0.563397,-0.0497894,0
1.99973,-0.292109,-0.548768,-0.0454607,0
2.01651,-0.326867,-0.536229,-0.0542943,0
2.03333,-0.359947,-0.525482,-0.0719012,0
2.05012,-0.394877,-0.521083,-0.0970281,0
2.06758,-0.398513,-0.531751,-0.113548,0
2.08399,-0.375327,-0.560149,-0.120181,0
2.10067,-0.355454,-0.594115,-0.123358,0
2.11717,-0.338419,-0.628043,-0.12859,0
2.13421,-0.32053,-0.647497,-0.138092,0
2.15098,-0.308484,-0.673798,-0.148745,0
2.16777,-0.304736,-0.681903,-0.155368,0
2.1846,-0.285083,-0.703289,-0.168571,0
2.20139,-0.235358,-0.740873,-0.192432,0
2.21822,-0.189449,-0.782714,-0.220411,0
2.2352,-0.176402,-0.804138,-0.22934,0
2.252,-0.181658,-0.793622,-0.244519,0
2.26881,-0.19274,-0.794236,-0.28011,0
2.2858,-0.189086,-0.809201,-0.325669,0
2.30261,-0.143212,-0.846093,-0.367228,0
2.31935,-0.0545722,-0.901781,-0.395324,0
2.33615,0.0279803,-0.944701,-0.41188,0
2.35299,0.0888759,-0.976676,-0.431088,0
2.36974,0.14436,-1.0089,-0.467623,0
2.38654,0.191918,-1.04614,-0.501447,0
2.40401,0.249121,-1.0925,-0.52793,0
2.4208,0.33432,-1.16112,-0.543104,0
2.43682,0.407347,-1.21512,-0.546075,0
2.45366,0.460078,-1.26141,-0.553639,0
2.47048,0.501988,-1.30108,-0.562631,0
2.48669,0.514896,-1.31584,-0.575356,0
2.50409,0.52596,-1.31405,-0.573719,0
2.52101,0.532155,-1.3077,-0.557263,0
2.53767,0.527601,-1.29744,-0.545667,0
2.5545,0.510547,-1.27903,-0.535728,0
2.57128,0.486065,-1.25361,-0.527208,0
2.58819,0.468368,-1.23183,-0.522415,0
2.60497,0.449912,-1.21316,-0.515797,0
2.62182,0.43738,-1.19235,-0.510125,0
2.6385,0.42335,-1.16969,-0.502754,0
2.65528,0.408037,-1.15027,-0.493927,0
2.6721,0.385047,-1.12881,-0.491379,0
2.68891,0.355479,-1.10561,-0.494213,0
2.70571,0.333422,-1.08572,-0.494133,0
2.72247,0.317804,-1.07348,-0.496573,0
2.7399,0.307705,-1.06781,-0.506191,0
2.7562,0.299049,-1.07257,-0.52447,0
2.77255,0.285053,-1.08146,-0.542647,0
2.78956,0.273057,-1.08909,-0.558227,0
2.80645,0.256199,-1.10044,-0.564055,0
2.82321,0.245037,-1.10535,-0.564033,0
2.83998,0.23547,-1.09994,-0.561505,0
2.85678,0.233845,-1.09048,-0.556829,0
2.87364,0.239028,-1.06794,-0.547804,0
2.89041,0.246758,-1.0438,-0.540068,0
2.9074,0.246809,-1.02793,-0.530928,0
