0,0.0449842,-1.08169,-0.358516,0
0.0157658,0.0316216,-1.08169,-0.362598,0
0.0335263,0.020168,-1.0856,-0.370179,0
0.0503148,0.0103506,-1.08895,-0.372595,0
0.0670877,0.0197524,-1.09574,-0.370583,0
0.0838857,0.0322653,-1.10547,-0.364777,0
0.100704,0.0474449,-1.12555,-0.367965,0
0.117545,0.060456,-1.14276,-0.366615,0
0.134364,0.0671541,-1.16534,-0.36954,0
0.151169,0.0728954,-1.18861,-0.372047,0
0.168019,0.0733622,-1.21246,-0.370114,0
0.184786,0.0693082,-1.23291,-0.364375,0
0.201593,0.0658334,-1.25435,-0.355374,0
0.2184,0.0717633,-1.27664,-0.347659,0
0.235283,0.0813003,-1.29966,-0.336964,0
0.252086,0.0894749,-1.31939,-0.327796,0
0.269637,0.0920274,-1.3363,-0.319939,0
0.285823,0.0897612,-1.35471,-0.309122,0
0.302136,0.0878187,-1.37049,-0.303932,0
0.319088,0.095062,-1.37618,-0.303565,0
0.335956,0.110179,-1.37324,-0.323662,0
0.352758,0.114228,-1.3629,-0.344969,0
0.369577,0.104336,-1.35011,-0.35915,0
0.386385,0.100311,-1.31959,-0.371306,0
0.403199,0.101316,-1.27387,-0.389889,0
0.420006,0.0932685,-1.20728,-0.389489,0
0.436828,0.0819166,-1.13456,-0.385064,0
0.453625,0.0588238,-1.04875,-0.377189,0
0.47042,0.0390299,-0.955628,-0.366358,0
0.487283,0.0131553,-0.875812,-0.357073,0
0.504042,-0.0223854,-0.791747,-0.340951,0
0.520897,-0.0483947,-0.719691,-0.314886,0
0.53772,-0.0662343,-0.661841,-0.276217,0
0.554527,-0.0815253,-0.612256,-0.234907,0
0.571324,-0.0812693,-0.581493,-0.207663,0
0.588154,-0.0632331,-0.559038,-0.184311,0
0.605602,-0.0522276,-0.547617,-0.164295,0
0.621897,-0.0472486,-0.545653,-0.147138,0
0.638308,-0.0518893,-0.563535,-0.132433,0
0.655198,-0.055867,-0.582775,-0.111664,0
0.672033,-0.0637307,-0.614918,-0.0897797,0
0.688848,-0.0793793,-0.64247,-0.071022,0
0.705677,-0.0883383,-0.673911,-0.050862,0
0.722553,-0.0960174,-0.704774,-0.0294999,0
0.739285,-0.102599,-0.735141,-0.0152715,0
0.756085,-0.112695,-0.765083,-0.00715786,0
0.77288,-0.125803,-0.79466,-0.00428533,0
0.789681,-0.145947,-0.827838,-0.00590519,0
0.8065,-0.158759,-0.852363,-0.00729365,0
0.823305,-0.174195,-0.873385,-0.0125658,0
0.840111,-0.19188,-0.895316,-0.0252489,0
0.857104,-0.211492,-0.918028,-0.032038,0
0.873908,-0.232757,-0.937494,-0.0378573,0
0.890714,-0.255439,-0.950267,-0.0387632,0
0.907582,-0.279334,-0.965129,-0.0354576,0
0.924361,-0.299816,-0.977867,-0.0326243,0
0.941819,-0.308463,-0.988785,-0.0342778,0
0.958137,-0.315875,-0.998144,-0.0356951,0
0.974495,-0.335591,-1.01399,-0.0287458,0
0.991553,-0.35249,-1.02366,-0.0187072,0
1.00832,-0.353613,-1.02804,-0.0141848,0
1.02506,-0.341212,-1.02788,-0.0225545,0
1.04188,-0.312766,-1.02774,-0.0297286,0
1.05871,-0.28393,-1.02762,-0.0358778,0
1.07549,-0.236942,-1.01578,-0.0411485,0
1.09247,-0.156579,-0.997803,-0.0497483,0
1.10917,-0.0654259,-0.974569,-0.0693657,0
1.12596,0.0260683,-0.950742,-0.0861806,0
1.14277,0.108946,-0.930319,-0.108757,0
1.15958,0.184438,-0.916726,-0.115863,0
1.17628,0.244692,-0.905075,-0.134199,0
1.19342,0.287429,-0.899002,-0.145834,0
1.21013,0.328516,-0.897709,-0.159889,0
1.22637,0.359278,-0.892688,-0.167854,0
1.24373,0.376738,-0.888384,-0.170599,0
1.26054,0.378341,-0.888608,-0.160706,0
1.27804,0.361898,-0.884887,-0.148144,0
1.2943,0.329987,-0.881697,-0.137377,0
1.3107,0.298181,-0.87505,-0.128148,0
1.32765,0.266464,-0.861527,-0.116155,0
1.34444,0.239278,-0.84211,-0.0977115,0
1.36126,0.22043,-0.809815,-0.0819028,0
1.3781,0.199821,-0.77822,-0.0642703,0
1.39488,0.182155,-0.743313,-0.0491568,0
1.41169,0.158105,-0.70948,-0.0484485,0
1.42855,0.137491,-0.68048,-0.0478414,0
1.44531,0.124276,-0.655623,-0.0554851,0
1.46211,0.126311,-0.618665,-0.0538727,0
1.47894,0.123601,-0.5909,-0.0484087,0
1.49575,0.121279,-0.571014,-0.0559713,0
1.51255,0.123742,-0.561795,-0.0787818,0
1.52951,0.108037,-0.561718,-0.0983336,0
1.54544,0.0678498,-0.565566,-0.0987641,0
1.56296,0.0378581,-0.568864,-0.086887,0
1.57995,0.0388761,-0.563865,-0.0522144,0
1.59676,0.0263861,-0.575232,-0.0551513,0
1.61443,0.00677203,-0.584975,-0.0617507,0
1.63067,-0.0100401,-0.616804,-0.0633253,0
1.64703,-0.0289046,-0.671477,-0.0769211,0
1.66361,-0.0673452,-0.733992,-0.0926567,0
1.68009,-0.104748,-0.795401,-0.0938982,0
1.69756,-0.118992,-0.867603,-0.0867982,0
1.71427,-0.117838,-0.964707,-0.101123,0
1.73114,-0.116848,-1.06359,-0.125647,0
1.74792,-0.107092,-1.15617,-0.142586,0
1.76473,-0.06755,-1.25901,-0.165269,0
1.78152,-0.0336569,-1.35107,-0.20104,0
1.79833,-0.00905986,-1.42606,-0.2317,0
1.81513,0.0209317,-1.49034,-0.257981,0
1.83193,0.0689097,-1.52587,-0.292753,0
1.84875,0.12785,-1.53285,-0.32664,0
1.86571,0.196188,-1.51535,-0.367932,0
1.88261,0.250309,-1.49644,-0.403325,0
1.89946,0.274427,-1.47241,-0.433662,0
1.91607,0.304008,-1.42833,-0.451501,0
1.93287,0.333818,-1.3749,-0.458628,0
1.95033,0.372731,-1.31345,-0.464736,0
1.96675,0.406086,-1.24121,-0.469972,0
1.98312,0.439129,-1.17538,-0.466296,0
1.9999,0.476361,-1.11504,-0.454981,0
2.01686,0.481549,-1.07114,-0.453446,0
2.03366,0.472633,-1.04134,-0.448049,0
2.05047,0.451628,-1.01972,-0.43934,0
2.06732,0.429169,-1.00118,-0.41963,0
2.08409,0.401011,-0.977464,-0.390489,0
2.10091,0.336787,-0.972788,-0.385921,0
2.11773,0.27283,-0.96878,-0.382006,0
2.13472,0.213556,-0.965345,-0.374568,0
2.15153,0.136024,-0.9624,-0.364111,0
2.16833,0.0472968,-0.963789,-0.334738,0
2.18513,-0.0421175,-0.96498,-0.313642,0
2.20195,-0.132121,-0.962087,-0.279232,0
2.21876,-0.204812,-0.963521,-0.249738,0
2.23564,-0.276028,-0.960837,-0.236703,0
2.25256,-0.345978,-0.966362,-0.229613,0
2.26927,-0.41039,-0.971098,-0.235782,0
2.2867,-0.447783,-0.975158,-0.241069,0
2.30303,-0.462017,-0.970811,-0.241519,0
2.31942,-0.46531,-0.967086,-0.237822,0
2.33625,-0.468132,-0.971719,-0.242818,0
2.35316,-0.443826,-0.971776,-0.259346,0
2.36996,-0.418538,-0.971826,-0.281678,0
2.38677,-0.3835,-0.975781,-0.300818,0
2.40358,-0.357921,-0.979172,-0.325389,0
2.4204,-0.313726,-0.982078,-0.350532,0
2.43723,-0.266936,-0.980656,-0.368,0
2.45417,-0.204559,-0.987263,-0.362563,0
