0,-0.034971,-0.950606,-0.417024,0
0.0158649,-0.0445769,-0.956675,-0.407542,0
0.0335686,-0.0624164,-0.961876,-0.394673,0
0.0503543,-0.0681015,-0.960266,-0.378902,0
0.0671455,-0.0633686,-0.971023,-0.374866,0
0.0839518,-0.0593118,-0.986312,-0.371406,0
0.100745,-0.0558346,-0.993348,-0.368441,0
0.117609,-0.0672629,-1.00545,-0.365899,0
0.134301,-0.0818615,-1.01582,-0.363721,0
0.151101,-0.0943747,-1.01864,-0.361853,0
0.168018,-0.100297,-1.03926,-0.355511,0
0.184779,-0.105374,-1.07514,-0.340594,0
0.201621,-0.109725,-1.11197,-0.327807,0
0.218466,-0.113455,-1.1496,-0.33107,0
0.235882,-0.0974399,-1.20613,-0.34809,0
0.252254,-0.0789098,-1.26672,-0.362679,0
0.268957,-0.0678299,-1.30045,-0.365702,0
0.285035,-0.0727417,-1.33543,-0.368292,0
0.302477,-0.0817547,-1.34721,-0.365772,0
0.319455,-0.0798743,-1.36337,-0.373094,0
0.3363,-0.0782625,-1.37116,-0.365146,0
0.353065,-0.072078,-1.37783,-0.353593,0
0.369882,-0.061974,-1.38962,-0.334208,0
0.386831,-0.0725253,-1.38759,-0.317592,0
0.403571,-0.0863722,-1.38585,-0.312832,0
0.420298,-0.0838321,-1.37829,-0.313494,0
0.437097,-0.0576402,-1.37181,-0.309319,0
0.453881,-0.030387,-1.34198,-0.305741,0
0.470676,-0.0118301,-1.31034,-0.312157,0
0.487575,-0.000727083,-1.25895,-0.331879,0
0.504389,-0.00561907,-1.19063,-0.339301,0
0.521195,-0.0146152,-1.10779,-0.33144,0
0.538,-0.0127202,-1.03072,-0.31522,0
0.554829,0.00811585,-0.958591,-0.287094,0
0.572279,0.0355812,-0.890697,-0.258244,0
0.58856,0.05432,-0.826434,-0.228775,0
0.604852,0.055973,-0.759215,-0.203516,0
0.621752,0.0285721,-0.689461,-0.181865,0
0.638701,-0.00452019,-0.629673,-0.158566,0
0.655559,-0.0232791,-0.602699,-0.143336,0
0.672316,-0.0153435,-0.591715,-0.130283,0
0.689125,-0.00854156,-0.58837,-0.123835,0
0.705947,-0.0171201,-0.59157,-0.113567,0
0.72276,-0.0196703,-0.588245,-0.100025,0
0.739551,-0.0410679,-0.591463,-0.0884173,0
0.756432,-0.0642116,-0.606359,-0.0879502,0
0.773189,-0.0744432,-0.631263,-0.0922909,0
0.789996,-0.0832132,-0.658678,-0.0912704,0
0.806862,-0.0907303,-0.688245,-0.0809135,0
0.823611,-0.111582,-0.719657,-0.062554,0
0.840421,-0.143864,-0.75265,-0.0562995,0
0.857234,-0.176338,-0.780929,-0.0509384,0
0.874025,-0.213778,-0.805169,-0.0605665,0
0.891613,-0.250672,-0.838082,-0.059337,0
0.90811,-0.277493,-0.866294,-0.053542,0
0.924797,-0.300482,-0.896544,-0.0390927,0
0.941278,-0.320188,-0.916404,-0.0409309,0
0.958395,-0.337078,-0.927359,-0.0472475,0
0.975204,-0.346752,-0.93068,-0.0479207,0
0.992016,-0.340635,-0.939595,-0.0484977,0
1.00883,-0.316181,-0.953305,-0.034769,0
1.02569,-0.285614,-0.958988,-0.00877829,0
1.04246,-0.254611,-0.95779,-0.000723795,0
1.05926,-0.223234,-0.962832,-0.00804323,0
1.07612,-0.18193,-0.973223,-0.00483484,0
1.09288,-0.132118,-0.982129,0.0026563,0
1.10969,-0.0894224,-0.989762,0.00433619,0
1.12656,-0.0432201,-0.996306,-0.0037061,0
1.14329,0.00598779,-1.00191,-0.0200817,0
1.16011,0.0625748,-1.00672,-0.0293768,0
1.17696,0.115881,-1.00477,-0.032603,0
1.19371,0.166375,-1.0031,-0.0448504,0
1.21052,0.219261,-0.995604,-0.0553482,0
1.22799,0.264592,-0.983107,-0.0643464,0
1.24429,0.303448,-0.960259,-0.067318,0
1.26066,0.331949,-0.934606,-0.065124,0
1.27748,0.361182,-0.918686,-0.0632434,0
1.29442,0.386239,-0.91111,-0.0663725,0
1.31121,0.39811,-0.904615,-0.0690547,0
1.32804,0.393877,-0.89298,-0.0666126,0
1.34484,0.380642,-0.87087,-0.0740015,0
1.36167,0.369298,-0.84585,-0.0755938,0
1.37846,0.349969,-0.812268,-0.0769586,0
1.39536,0.318992,-0.777414,-0.101834,0
1.41212,0.278032,-0.735403,-0.127897,0
1.42892,0.242923,-0.693325,-0.150236,0
1.44578,0.208027,-0.645121,-0.164643,0
1.46254,0.173313,-0.603804,-0.16751,0
1.47934,0.148361,-0.556252,-0.160485,0
1.49617,0.117368,-0.521561,-0.144982,0
1.51294,0.0763934,-0.491827,-0.141175,0
1.52976,0.0508783,-0.472409,-0.152135,0
1.54731,0.0434171,-0.461833,-0.166271,0
1.56371,0.0658394,-0.477041,-0.1452,0
1.58038,0.0658467,-0.508283,-0.0797278,0
1.59654,0.0418383,-0.528993,-0.0236089,0
1.61402,0.0164567,-0.552813,0.0102697,0
1.63083,0.0139128,-0.60964,0.00137979,0
1.64783,0.0357471,-0.725103,0.00798313,0
1.66463,0.0496592,-0.842276,0.0420897,0
1.68145,0.0471751,-0.94271,0.0618417,0
1.69825,0.0450458,-1.047,0.02662,0
1.71506,0.0576296,-1.17887,-0.0320167,0
1.73187,0.0684156,-1.29191,-0.0775356,0
1.74868,0.0776609,-1.38879,-0.130775,0
1.76555,0.0711765,-1.46577,-0.195373,0
1.78232,0.0608155,-1.51354,-0.264966,0
1.79911,0.0471317,-1.53022,-0.329359,0
1.81592,0.0402057,-1.53844,-0.384552,0
1.83273,0.0342691,-1.52729,-0.422379,0
1.84953,0.0291806,-1.48132,-0.445319,0
1.86639,0.0200161,-1.43584,-0.464983,0
1.88379,0.0169637,-1.37259,-0.477096,0
1.90021,0.0239533,-1.30624,-0.473255,0
1.91657,0.0395503,-1.24937,-0.460481,0
1.93331,0.0577221,-1.20669,-0.444791,0
1.95036,0.0829038,-1.1701,-0.42186,0
1.96711,0.109291,-1.13268,-0.402205,0
1.98389,0.141515,-1.10667,-0.390098,0
2.0007,0.178741,-1.09044,-0.389204,0
2.01746,0.220255,-1.07653,-0.383696,0
2.03429,0.255838,-1.06461,-0.383716,0
2.0511,0.291141,-1.04833,-0.388474,0
2.0679,0.316598,-1.0283,-0.383071,0
2.08473,0.338418,-1.00506,-0.378439,0
2.10153,0.37153,-0.991214,-0.369728,0
2.11833,0.404714,-0.979344,-0.362261,0
2.13514,0.437961,-0.975239,-0.360602,0
2.15205,0.461655,-0.97172,-0.363922,0
2.16876,0.467556,-0.974772,-0.357284,0
2.18562,0.46781,-0.977388,-0.337372,0
2.20247,0.45362,-0.967494,-0.325045,0
2.21985,0.427048,-0.959013,-0.319221,0
2.23617,0.399468,-0.969949,-0.300005,0
2.25246,0.366223,-0.979322,-0.274052,0
2.26962,0.30891,-0.97522,-0.237584,0
2.28634,0.235769,-0.965635,-0.211066,0
2.3031,0.158669,-0.963488,-0.188337,0
2.31991,0.0541586,-0.961648,-0.173595,0
2.33678,-0.064239,-0.960071,-0.184665,0
2.35354,-0.180131,-0.95265,-0.217859,0
2.37035,-0.289074,-0.94629,-0.255794,0
2.38716,-0.382453,-0.946906,-0.29305,0
2.40403,-0.448083,-0.953503,-0.301278,0
2.42089,-0.480323,-0.959158,-0.298849,0
2.43753,-0.498352,-0.964005,-0.296767,0
2.45434,-0.504199,-0.949954,-0.2855,0
2.47114,-0.499604,-0.931842,-0.280584,0
2.48795,-0.486061,-0.916317,-0.257405,0
2.50476,-0.460043,-0.896942,-0.232797,0
2.52168,-0.423333,-0.89854,-0.230669,0
2.53839,-0.39667,-0.881704,-0.205139,0
2.55549,-0.369014,-0.891547,-0.183256,0
