0,0.0635249,-0.794362,-0.218928,0
0.0168307,0.0573749,-0.80223,-0.221819,0
0.0335177,0.0490285,-0.812908,-0.224297,0
0.0502646,0.0357244,-0.833863,-0.246661,0
0.0670568,0.0212458,-0.84789,-0.274504,0
0.0839659,-0.00961434,-0.867781,-0.309935,0
0.100714,-0.057591,-0.880897,-0.343196,0
0.117482,-0.111014,-0.892139,-0.374596,0
0.134288,-0.15988,-0.909643,-0.404402,0
0.151102,-0.21714,-0.920712,-0.427059,0
0.168522,-0.27852,-0.918398,-0.452262,0
0.184994,-0.331132,-0.912481,-0.476755,0
0.201325,-0.373152,-0.907409,-0.494859,0
0.217977,-0.40302,-0.906995,-0.510376,0
0.235028,-0.425546,-0.906641,-0.526567,0
0.251926,-0.441779,-0.906337,-0.537555,0
0.268416,-0.443393,-0.910011,-0.535407,0
0.285566,-0.414026,-0.932829,-0.522001,0
0.302294,-0.367329,-0.972059,-0.501835,0
0.319082,-0.318079,-1.00962,-0.478768,0
0.335973,-0.269714,-1.04181,-0.453213,0
0.352762,-0.225183,-1.0694,-0.434201,0
0.369542,-0.177789,-1.08912,-0.415013,0
0.386361,-0.118716,-1.10996,-0.395675,0
0.403204,-0.0588564,-1.12388,-0.367534,0
0.420339,0.0047517,-1.12795,-0.354979,0
0.43686,0.0654229,-1.1275,-0.35,0
0.453703,0.117427,-1.13105,-0.34284,0
0.47056,0.168152,-1.12623,-0.325139,0
0.487494,0.214705,-1.12209,-0.301292,0
0.504959,0.254608,-1.11855,-0.283743,0
0.521383,0.28881,-1.10764,-0.262918,0
0.537858,0.305827,-1.09829,-0.242177,0
0.553994,0.314262,-1.09422,-0.22729,0
0.570381,0.321493,-1.09465,-0.21453,0
0.588392,0.318465,-1.1147,-0.200702,0
0.60515,0.300495,-1.14762,-0.185957,0
0.621917,0.278942,-1.1955,-0.205124,0
0.63871,0.260468,-1.23655,-0.218661,0
0.655517,0.244634,-1.27566,-0.221591,0
0.67232,0.224911,-1.31706,-0.212536,0
0.689132,0.208006,-1.35254,-0.201884,0
0.705939,0.196591,-1.37115,-0.186971,0
0.72275,0.202181,-1.37923,-0.179971,0
0.739561,0.225423,-1.38616,-0.182645,0
0.756362,0.24227,-1.38423,-0.179154,0
0.773279,0.24441,-1.34717,-0.164596,0
0.789984,0.233944,-1.28,-0.152118,0
0.806783,0.209599,-1.19489,-0.138532,0
0.823641,0.182581,-1.11013,-0.123995,0
0.84107,0.177873,-1.02568,-0.143339,0
0.857484,0.170763,-0.957231,-0.177269,0
0.873899,0.155443,-0.894624,-0.197677,0
0.890706,0.130012,-0.833093,-0.206495,0
0.907609,0.0928386,-0.764616,-0.193815,0
0.924485,0.0702009,-0.713789,-0.177163,0
0.94125,0.0600222,-0.678092,-0.16289,0
0.958052,0.0666726,-0.675032,-0.156438,0
0.97487,0.0785229,-0.680277,-0.1538,0
0.991689,0.0886804,-0.684773,-0.145756,0
1.00849,0.0973867,-0.688627,-0.138861,0
1.02546,0.104849,-0.695864,-0.132951,0
1.04226,0.120471,-0.702067,-0.127885,0
1.05907,0.140011,-0.719186,-0.132217,0
1.07575,0.159834,-0.737793,-0.133039,0
1.09304,0.173751,-0.753743,-0.127961,0
1.10955,0.182604,-0.767414,-0.117825,0
1.12635,0.199418,-0.786999,-0.106246,0
1.14318,0.21998,-0.807721,-0.102104,0
1.15996,0.243754,-0.829417,-0.0985537,0
1.17714,0.254907,-0.859815,-0.0868364,0
1.19377,0.261392,-0.889805,-0.0767931,0
1.20999,0.257725,-0.91551,-0.0681845,0
1.22708,0.245357,-0.933609,-0.063697,0
1.24392,0.219381,-0.941255,-0.0598506,0
1.26068,0.181741,-0.947808,-0.0623365,0
1.27761,0.131028,-0.949491,-0.0557931,0
1.29436,0.0844846,-0.954868,-0.0559672,0
1.31112,0.0384403,-0.967345,-0.0590078,0
1.32793,-0.0102512,-0.981973,-0.05294,0
1.34476,-0.0612119,-0.990577,-0.0448476,0
1.36179,-0.111042,-1.00189,-0.0465854,0
1.37871,-0.159904,-1.01158,-0.0509662,0
1.39549,-0.204861,-1.01596,-0.0576126,0
1.41229,-0.243395,-1.01184,-0.0748749,0
1.42909,-0.27335,-0.996505,-0.0896712,0
1.44588,-0.286725,-0.967628,-0.102354,0
1.46268,-0.292039,-0.942876,-0.116116,0
1.47951,-0.281219,-0.913791,-0.116346,0
1.49695,-0.26272,-0.87706,-0.10787,0
1.51343,-0.246864,-0.841642,-0.0919306,0
1.52975,-0.230198,-0.795548,-0.0724854,0
1.5465,-0.215912,-0.74817,-0.0413613,0
1.56355,-0.206743,-0.695759,-0.0204663,0
1.57986,-0.201958,-0.642967,0.00322648,0
1.59794,-0.210157,-0.593783,0.0235346,0
1.61383,-0.22026,-0.555559,0.0351588,0
1.63072,-0.219694,-0.522796,0.0277742,0
1.64765,-0.216134,-0.502581,0.0127706,0
1.66454,-0.191558,-0.508858,-0.0232205,0
1.68131,-0.161268,-0.549644,-0.0598528,0
1.69815,-0.147604,-0.612142,-0.0767951,0
1.71491,-0.135893,-0.669646,-0.0884257,0
1.73179,-0.125855,-0.738604,-0.0955034,0
1.74854,-0.114176,-0.84492,-0.104461,0
1.76552,-0.0980148,-0.967519,-0.120814,0
1.78226,-0.0749377,-1.08047,-0.143504,0
1.79904,-0.0459323,-1.18909,-0.168736,0
1.81585,-0.0179956,-1.29793,-0.190363,0
1.83338,0.00902524,-1.39909,-0.206009,0
1.84978,0.0291109,-1.48186,-0.225203,0
1.86633,0.0278772,-1.5292,-0.250328,0
1.8827,0.0175947,-1.53438,-0.268973,0
1.89935,0.00570614,-1.52701,-0.282064,0
