0,-0.0519032,-0.971958,-0.246444,0
0.0122195,-0.0519032,-0.971958,-0.249305,0
0.029572,-0.0519032,-0.974382,-0.251757,0
0.0472035,-0.049233,-0.974036,-0.253859,0
0.0635105,-0.044274,-0.973739,-0.255661,0
0.0797713,-0.0426936,-0.971061,-0.257206,0
0.0964739,-0.0386688,-0.968765,-0.26139,0
0.113585,-0.0378892,-0.969221,-0.264978,0
0.130416,-0.0345507,-0.969612,-0.265191,0
0.147202,-0.0370296,-0.969947,-0.265374,0
0.164009,-0.0391544,-0.970234,-0.265531,0
0.180831,-0.0409757,-0.970481,-0.268526,0
0.19763,-0.045207,-0.970692,-0.268233,0
0.214442,-0.0541744,-0.975721,-0.270843,0
0.231273,-0.0698714,-0.980032,-0.275941,0
0.248048,-0.0993474,-0.983726,-0.283171,0
0.264865,-0.132623,-0.989318,-0.286508,0
0.281738,-0.171827,-0.99411,-0.292229,0
0.298535,-0.21878,-0.998218,-0.294272,0
0.315348,-0.267037,-1.00174,-0.296023,0
0.332159,-0.313741,-1.00476,-0.303246,0
0.348956,-0.356443,-1.00492,-0.312298,0
0.365775,-0.393045,-1.00748,-0.320058,0
0.383217,-0.427088,-1.00241,-0.323847,0
0.399571,-0.442916,-0.995634,-0.324234,0
0.415823,-0.437792,-0.980131,-0.313121,0
0.433015,-0.414708,-0.964419,-0.300735,0
0.449739,-0.37623,-0.950951,-0.287257,0
0.466503,-0.303195,-0.944256,-0.272843,0
0.483305,-0.20054,-0.943365,-0.271933,0
0.499733,-0.0724965,-0.945026,-0.288319,0
0.51694,0.0479361,-0.948873,-0.305227,0
0.533719,0.153834,-0.957019,-0.325441,0
0.550525,0.231253,-0.96885,-0.339906,0
0.567397,0.289601,-0.976566,-0.346583,0
0.584173,0.323592,-0.98318,-0.343722,0
0.600991,0.336706,-0.984001,-0.326964,0
0.617757,0.339936,-0.979857,-0.301155,0
0.63457,0.340034,-0.97388,-0.279033,0
0.651376,0.332107,-0.968757,-0.254349,0
0.668199,0.319973,-0.974063,-0.233192,0
0.68499,0.304231,-0.998003,-0.217918,0
0.702526,0.290738,-1.03307,-0.207687,0
0.71941,0.281843,-1.08979,-0.213224,0
0.735663,0.271548,-1.16265,-0.223692,0
0.751799,0.257384,-1.23237,-0.235526,0
0.768916,0.237232,-1.30668,-0.257114,0
0.785674,0.22263,-1.37279,-0.28134,0
0.802487,0.212783,-1.41007,-0.299244,0
0.819297,0.201673,-1.4299,-0.314591,0
0.836133,0.178799,-1.42024,-0.330606,0
0.852925,0.156523,-1.37074,-0.321444,0
0.869771,0.142769,-1.29438,-0.290701,0
0.886536,0.138991,-1.20953,-0.255767,0
0.90342,0.143763,-1.10045,-0.214379,0
0.920235,0.139843,-0.987552,-0.178903,0
0.936974,0.133813,-0.883512,-0.151356,0
0.95378,0.123303,-0.794335,-0.124884,0
0.970594,0.106285,-0.727594,-0.105054,0
0.987374,0.0810161,-0.682508,-0.0995022,0
1.00419,0.0593574,-0.651135,-0.0947432,0
1.02111,0.0381225,-0.636365,-0.0935253,0
1.03872,0.0279319,-0.638249,-0.0810367,0
1.05506,0.0325484,-0.644712,-0.0646098,0
1.07166,0.0418458,-0.6551,-0.0505296,0
1.08761,0.0631662,-0.671276,-0.0298774,0
1.10516,0.0974624,-0.68999,-0.00645311,0
1.12196,0.13754,-0.715727,0.016486,0
1.1388,0.198595,-0.745059,0.0361481,0
1.15559,0.266949,-0.779897,0.047279,0
1.1724,0.328208,-0.814607,0.0367916,0
1.18922,0.375376,-0.846782,0.02208,0
1.20603,0.394443,-0.881633,0.00374766,0
1.22283,0.378744,-0.918777,-0.00910456,0
1.23968,0.338585,-0.945767,-0.0143984,0
1.25644,0.285471,-0.966478,-0.0103525,0
1.27315,0.205232,-0.979381,0.00742137,0
1.29018,0.104412,-0.985593,0.0341008,0
1.30694,0.00731476,-0.988493,0.0626912,0
1.32376,-0.0946035,-0.983707,0.0843361,0
1.34057,-0.181962,-0.972332,0.10575,0
1.35738,-0.24616,-0.952886,0.115521,0
1.37488,-0.293176,-0.928946,0.118174,0
1.39124,-0.317454,-0.896305,0.106143,0
1.40759,-0.324912,-0.853782,0.0843848,0
1.42469,-0.317954,-0.805214,0.0571518,0
1.44133,-0.303979,-0.756312,0.0280869,0
1.45815,-0.275979,-0.699851,-0.00254823,0
1.47494,-0.246638,-0.634487,-0.0288069,0
1.49174,-0.221489,-0.571189,-0.0541755,0
1.50855,-0.199933,-0.512085,-0.0759201,0
1.52536,-0.189467,-0.461425,-0.103142,0
1.54217,-0.177825,-0.430122,-0.126475,0
1.55898,-0.165177,-0.410563,-0.149335,0
1.57578,-0.146325,-0.420464,-0.16893,0
1.59259,-0.124825,-0.467735,-0.182865,0
1.60944,-0.101057,-0.573705,-0.194809,0
1.62625,-0.0806835,-0.6912,-0.210769,0
1.643,-0.0685613,-0.835545,-0.238755,0
1.65982,-0.0688518,-0.985934,-0.279909,0
1.67697,-0.0691009,-1.12211,-0.315185,0
1.69421,-0.0719845,-1.23641,-0.34256,0
1.70719,-0.0664455,-1.32711,-0.357441,0
1.72722,-0.0456764,-1.38061,-0.364474,0
1.7434,-0.025204,-1.41435,-0.370502,0
1.76085,-0.0129967,-1.41902,-0.381391,0
1.77764,-0.00520355,-1.40364,-0.387863,0
1.79449,0.00147629,-1.37106,-0.379105,0
1.81132,0.00186137,-1.33586,-0.368737,0
1.82815,0.00219144,-1.29115,-0.354128,0
1.84494,-0.000195881,-1.24555,-0.341605,0
1.86173,-0.00758265,-1.20162,-0.333733,0
1.87853,-0.0139142,-1.16396,-0.332708,0
1.89536,-0.0193412,-1.13168,-0.340413,0
1.91218,-0.0213227,-1.10402,-0.341294,0
1.92913,-0.0230211,-1.08273,-0.327744,0
