0,-0.282315,-0.980445,-0.0966944,0
0.0162359,-0.28641,-0.980445,-0.104845,0
0.0321684,-0.294016,-0.97335,-0.0873795,0
0.0494069,-0.312822,-0.967268,-0.0642588,0
0.0661151,-0.324845,-0.958507,-0.0444409,0
0.083215,-0.335151,-0.94745,-0.0356047,0
0.0998726,-0.348081,-0.937972,-0.0280309,0
0.116676,-0.355067,-0.929849,-0.0174637,0
0.13351,-0.361056,-0.919338,-0.00840615,0
0.150294,-0.357998,-0.89259,0.00343271,0
0.167091,-0.351282,-0.866115,0.0135803,0
0.18406,-0.34962,-0.839875,0.018203,0
0.20088,-0.344101,-0.813835,0.0180901,0
0.217688,-0.335274,-0.780872,0.0179933,0
0.234516,-0.319518,-0.745523,0.0219855,0
0.251306,-0.306012,-0.725866,0.0539342,0
0.268113,-0.286245,-0.712566,0.0772435,0
0.284921,-0.244729,-0.697618,0.0849972,0
0.301767,-0.188666,-0.674162,0.0671918,0
0.318527,-0.111945,-0.643413,0.0315537,0
0.335999,-0.0338968,-0.61351,0.00100683,0
0.352438,0.0411922,-0.598521,-0.0048,0
0.369098,0.0973634,-0.599865,0.0065237,0
0.385188,0.149606,-0.61166,-0.012297,0
0.402758,0.206671,-0.625318,-0.04473,0
0.419551,0.276061,-0.644121,-0.0725297,0
0.436376,0.331443,-0.667333,-0.0922828,0
0.453211,0.374818,-0.687229,-0.105139,0
0.469995,0.411997,-0.711378,-0.108008,0
0.486989,0.452055,-0.749816,-0.0941657,0
0.503758,0.502772,-0.796954,-0.0986022,0
0.52048,0.542149,-0.844454,-0.110555,0
0.537294,0.579996,-0.902907,-0.133027,0
0.554093,0.608341,-0.960105,-0.160438,0
0.570888,0.612159,-1.03042,-0.200235,0
0.58774,0.60724,-1.09423,-0.234346,0
0.604522,0.582548,-1.15248,-0.26766,0
0.621399,0.536809,-1.19531,-0.288064,0
0.638128,0.468937,-1.23557,-0.321854,0
0.654959,0.390284,-1.26653,-0.346742,0
0.672445,0.298294,-1.28598,-0.363999,0
0.68931,0.203063,-1.292,-0.37064,0
0.705177,0.10096,-1.29716,-0.372258,0
0.72231,0.00525176,-1.29804,-0.369569,0
0.739039,-0.0808792,-1.29169,-0.375414,0
0.755847,-0.15061,-1.27206,-0.37635,0
0.772664,-0.206284,-1.24459,-0.373076,0
0.789478,-0.249909,-1.21395,-0.37027,0
0.80627,-0.299589,-1.18769,-0.367865,0
0.823126,-0.346267,-1.16163,-0.361728,0
0.839881,-0.382181,-1.13575,-0.352393,0
0.856673,-0.408869,-1.11001,-0.340316,0
0.873483,-0.423553,-1.07731,-0.313664,0
0.890294,-0.432045,-1.04574,-0.290818,0
0.9071,-0.431132,-1.01512,-0.271237,0
0.924054,-0.43035,-0.992429,-0.266678,0
0.940864,-0.417393,-0.972978,-0.266847,0
0.957712,-0.389905,-0.949211,-0.271066,0
0.974491,-0.366344,-0.918195,-0.270607,0
0.991973,-0.342053,-0.89161,-0.274289,0
1.0084,-0.313042,-0.854632,-0.27337,0
1.02511,-0.28408,-0.819389,-0.268507,0
1.04144,-0.255159,-0.792728,-0.264338,0
1.05849,-0.226275,-0.76278,-0.260765,0
1.07529,-0.185135,-0.726467,-0.257703,0
1.09214,-0.141682,-0.691794,-0.246927,0
1.10916,-0.0962448,-0.665623,-0.237691,0
1.12595,-0.0450125,-0.650285,-0.250151,0
1.14276,0.0111872,-0.644234,-0.273056,0
1.15956,0.0716448,-0.631952,-0.280464,0
1.17643,0.115275,-0.624972,-0.286813,0
1.1932,0.160863,-0.622538,-0.304481,0
1.20999,0.199938,-0.623998,-0.311474,0
1.22686,0.237527,-0.632346,-0.309318,0
1.24367,0.26565,-0.650145,-0.30747,0
1.26045,0.277469,-0.686687,-0.318112,0
1.27738,0.291696,-0.718009,-0.343534,0
1.29408,0.336653,-0.734213,-0.357174,0
1.3109,0.383379,-0.744555,-0.368866,0
1.32801,0.415239,-0.764062,-0.370736,0
1.34466,0.417975,-0.805618,-0.368265,0
1.36095,0.416225,-0.858975,-0.366146,0
1.37828,0.427011,-0.911806,-0.36433,0
1.3948,0.456733,-0.953541,-0.370924,0
1.41161,0.486305,-0.989315,-0.388802,0
1.4285,0.507557,-1.04481,-0.412276,0
1.44523,0.488914,-1.11367,-0.436472,0
1.46214,0.444265,-1.18688,-0.453136,0
1.47902,0.410091,-1.23899,-0.434818,0
1.49568,0.376703,-1.27656,-0.419117,0
1.51259,0.352181,-1.30876,-0.434185,0
1.52925,0.327066,-1.34345,-0.459326,0
1.54605,0.301443,-1.3661,-0.493102,0
1.56288,0.27129,-1.37841,-0.526128,0
1.57971,0.237254,-1.37123,-0.546285,0
1.59562,0.191698,-1.36152,-0.543186,0
1.61288,0.140364,-1.33901,-0.548681,0
1.63013,0.0922673,-1.31262,-0.557466,0
1.64766,0.0387556,-1.27936,-0.564996,0
1.66399,-0.0153025,-1.25085,-0.563299,0
1.68067,-0.0534471,-1.21222,-0.55777,0
1.69686,-0.0861425,-1.17201,-0.548956,0
1.71384,-0.118263,-1.13046,-0.5414,0
1.73101,-0.145794,-1.08419,-0.530849,0
1.74762,-0.169392,-1.04099,-0.521805,0
1.76441,-0.18962,-1.00396,-0.514053,0
1.78122,-0.202862,-0.965121,-0.491108,0
1.79803,-0.206021,-0.931832,-0.475515,0
1.81483,-0.200539,-0.906847,-0.462151,0
1.83164,-0.187648,-0.885431,-0.450695,0
1.84845,-0.168408,-0.87417,-0.449026,0
1.86525,-0.139631,-0.868065,-0.443521,0
1.88211,-0.11906,-0.866381,-0.442877,0
1.89905,-0.105523,-0.87558,-0.434175,0
1.91575,-0.0816331,-0.887013,-0.418565,0
1.93267,-0.0611564,-0.911004,-0.409261,0
1.94942,-0.043605,-0.935115,-0.397211,0
1.96619,-0.0162745,-0.952234,-0.399107,0
1.98367,0.00715156,-0.991742,-0.400733,0
