0,0.16807,-0.931681,-0.262673,0
0.0159033,0.162486,-0.931681,-0.248897,0
0.0329689,0.160491,-0.931681,-0.232497,0
0.050468,0.169951,-0.937483,-0.218439,0
0.067259,0.186436,-0.939555,-0.210982,0
0.0840555,0.200567,-0.944232,-0.204591,0
0.10086,0.212678,-0.951141,-0.199112,0
0.117678,0.228645,-0.957064,-0.2036,0
0.134488,0.247914,-0.95924,-0.198263,0
0.151281,0.270016,-0.966906,-0.184504,0
0.168098,0.288961,-0.970577,-0.172711,0
0.184909,0.307991,-0.96502,-0.162603,0
0.201739,0.315926,-0.963158,-0.144754,0
0.218524,0.322727,-0.964463,-0.120271,0
0.235327,0.317387,-0.977185,-0.0992862,0
0.252269,0.307226,-0.982288,-0.095075,0
0.269002,0.290139,-0.98086,-0.109833,0
0.285769,0.269908,-0.970934,-0.117892,0
0.302644,0.238606,-0.965326,-0.115614,0
0.320061,0.206191,-0.966322,-0.104479,0
0.336411,0.175614,-0.972976,-0.0903416,0
0.352806,0.149405,-0.981582,-0.0736321,0
0.369656,0.118564,-0.977354,-0.0684937,0
0.386537,0.0725816,-0.97373,-0.0594973,0
0.403285,0.0164145,-0.973525,-0.0747463,0
0.420091,-0.0373135,-0.973349,-0.0924089,0
0.436928,-0.083366,-0.970297,-0.116732,0
0.45415,-0.120047,-0.964781,-0.132989,0
0.470567,-0.148696,-0.962953,-0.146923,0
0.487388,-0.173252,-0.955585,-0.163459,0
0.504197,-0.202677,-0.931864,-0.17304,0
0.520989,-0.239068,-0.894126,-0.204213,0
0.537823,-0.27026,-0.853077,-0.235525,0
0.554575,-0.296996,-0.806288,-0.248587,0
0.57145,-0.311536,-0.757481,-0.232231,0
0.588203,-0.304452,-0.718547,-0.195252,0
0.604996,-0.290003,-0.690977,-0.172739,0
0.621779,-0.272034,-0.664444,-0.162627,0
0.638588,-0.262216,-0.641702,-0.158551,0
0.656686,-0.259386,-0.62511,-0.141281,0
0.672584,-0.24579,-0.619591,-0.126479,0
0.688943,-0.217383,-0.632265,-0.109199,0
0.705344,-0.184657,-0.643129,-0.0989794,0
0.722651,-0.159398,-0.655342,-0.09022,0
0.739445,-0.143333,-0.668711,-0.0827119,0
0.756786,-0.143524,-0.685972,-0.0762764,0
0.773159,-0.126934,-0.721073,-0.0569842,0
0.789946,-0.0959597,-0.768565,-0.035856,0
0.80683,-0.0554488,-0.829579,-0.0177461,0
0.823693,-0.0374791,-0.890579,-0.0114073,0
0.840431,-0.0416229,-0.95737,-0.0243423,0
0.857242,-0.0451748,-1.02332,-0.0400214,0
0.87402,-0.0286728,-1.10306,-0.0488686,0
0.890804,-0.0173207,-1.19171,-0.07482,0
0.907654,-0.0103826,-1.2706,-0.11084,0
0.924423,-0.015605,-1.34112,-0.160083,0
0.941236,-0.0396277,-1.39866,-0.229843,0
0.958034,-0.0685956,-1.43638,-0.280453,0
0.974895,-0.0990099,-1.46581,-0.323833,0
0.992335,-0.139041,-1.47364,-0.351832,0
1.0087,-0.184523,-1.46293,-0.366647,0
1.02503,-0.223507,-1.45086,-0.356386,0
1.04187,-0.25413,-1.43471,-0.338406,0
1.05879,-0.28317,-1.40926,-0.332179,0
1.07565,-0.30527,-1.37295,-0.340618,0
1.09244,-0.315835,-1.33021,-0.352443,0
1.10923,-0.324891,-1.28198,-0.357987,0
1.12605,-0.338238,-1.20873,-0.353555,0
1.14286,-0.349678,-1.12564,-0.354348,0
1.15967,-0.359484,-1.04282,-0.364211,0
1.17655,-0.35672,-0.968921,-0.372666,0
1.19333,-0.340389,-0.902683,-0.379913,0
1.21011,-0.320806,-0.843006,-0.381532,0
1.22696,-0.301229,-0.788953,-0.373736,0
1.24372,-0.270487,-0.739721,-0.35787,0
1.26061,-0.232967,-0.68882,-0.348863,0
1.27743,-0.19243,-0.648091,-0.354918,0
1.29419,-0.149307,-0.613181,-0.373884,0
1.31098,-0.087213,-0.597762,-0.376365,0
1.32843,-0.00885886,-0.590348,-0.346347,0
1.34474,0.0666788,-0.586894,-0.306842,0
1.36106,0.139802,-0.586834,-0.277572,0
1.37782,0.20248,-0.592584,-0.243299,0
1.39491,0.267373,-0.609117,-0.204738,0
1.41169,0.32858,-0.626188,-0.171687,0
1.42853,0.378251,-0.649524,-0.147948,0
1.44535,0.418033,-0.675328,-0.136785,0
1.46165,0.44934,-0.71195,-0.136401,0
1.47903,0.478967,-0.749142,-0.140664,0
1.49579,0.50157,-0.795525,-0.139726,0
1.51259,0.520943,-0.855588,-0.15729,0
1.52946,0.537549,-0.921575,-0.181528,0
1.54622,0.551782,-0.983938,-0.206897,0
1.563,0.56119,-1.04609,-0.228641,0
1.58022,0.544123,-1.10517,-0.25187,0
1.59671,0.498778,-1.15001,-0.276374,0
1.61336,0.448742,-1.18264,-0.311153,0
1.63026,0.389099,-1.20481,-0.373107,0
1.64703,0.329601,-1.22671,-0.439988,0
1.66439,0.275809,-1.25128,-0.492721,0
1.68086,0.207363,-1.26364,-0.537922,0
1.69718,0.11798,-1.25683,-0.572073,0
1.71396,0.0357811,-1.24229,-0.605937,0
1.73097,-0.0346752,-1.22403,-0.630372,0
1.74772,-0.0950663,-1.19967,-0.665092,0
1.76453,-0.144038,-1.17009,-0.685668,0
1.78228,-0.177636,-1.13023,-0.666569,0
1.79832,-0.203643,-1.08446,-0.627237,0
1.81508,-0.214765,-1.04523,-0.588933,0
1.83201,-0.215921,-1.0087,-0.560692,0
1.84882,-0.208534,-0.97449,-0.527302,0
1.86561,-0.202203,-0.945167,-0.49409,0
1.88315,-0.1884,-0.922934,-0.451846,0
1.89925,-0.19053,-0.898076,-0.374309,0
