0,0.302687,-1.12208,-0.259221,0
0.0162383,0.302687,-1.1176,-0.259221,0
0.0334305,0.315503,-1.10927,-0.256961,0
0.0502355,0.339303,-1.10213,-0.252764,0
0.0669842,0.376792,-1.08704,-0.251426,0
0.0837687,0.408924,-1.0741,-0.25254,0
0.100582,0.415107,-1.0675,-0.262535,0
0.117368,0.428951,-1.05287,-0.271102,0
0.134192,0.440816,-1.03136,-0.273925,0
0.150999,0.446715,-1.00395,-0.276345,0
0.167807,0.460315,-0.967003,-0.271639,0
0.185248,0.450612,-0.939819,-0.267605,0
0.201548,0.42948,-0.916517,-0.261887,0
0.217944,0.390007,-0.89206,-0.247945,0
0.234777,0.351902,-0.871096,-0.231475,0
0.2517,0.302152,-0.857612,-0.212837,0
0.26859,0.23815,-0.85054,-0.199122,0
0.285369,0.179019,-0.839993,-0.180585,0
0.302161,0.106975,-0.839923,-0.162437,0
0.319008,0.0195925,-0.839864,-0.149141,0
0.335796,-0.0553071,-0.844298,-0.140005,0
0.352581,-0.128051,-0.843613,-0.138955,0
0.369454,-0.181858,-0.838541,-0.138055,0
0.386202,-0.240795,-0.829708,-0.132762,0
0.403012,-0.304128,-0.822137,-0.123706,0
0.419858,-0.341325,-0.806677,-0.122724,0
0.43664,-0.360393,-0.78894,-0.124142,0
0.45348,-0.363922,-0.764766,-0.127618,0
0.470441,-0.341314,-0.744046,-0.137378,0
0.487288,-0.326209,-0.726286,-0.145744,0
0.504084,-0.317533,-0.715548,-0.152914,0
0.521528,-0.314368,-0.706344,-0.15454,0
0.537844,-0.320199,-0.70294,-0.151413,0
0.554138,-0.320926,-0.691052,-0.146473,0
0.571143,-0.330092,-0.680863,-0.142238,0
0.587983,-0.350765,-0.676614,-0.140869,0
0.604786,-0.389844,-0.681943,-0.137435,0
0.621593,-0.419068,-0.68651,-0.134491,0
0.638458,-0.444118,-0.694911,-0.141009,0
0.655234,-0.461317,-0.702111,-0.148856,0
0.672031,-0.488875,-0.712768,-0.153322,0
0.68891,-0.529583,-0.726388,-0.15941,0
0.705662,-0.560205,-0.738062,-0.162368,0
0.722477,-0.586451,-0.748069,-0.164903,0
0.739307,-0.626036,-0.770102,-0.173857,0
0.756029,-0.659966,-0.788987,-0.181531,0
0.772977,-0.684777,-0.805175,-0.18811,0
0.789783,-0.697499,-0.823535,-0.198268,0
0.806624,-0.708405,-0.834787,-0.209236,0
0.823565,-0.704936,-0.839946,-0.216377,0
0.840132,-0.701963,-0.844369,-0.224758,0
0.857575,-0.690871,-0.843674,-0.240982,0
0.873882,-0.668548,-0.843078,-0.268449,0
0.890309,-0.64087,-0.838083,-0.298773,0
0.907142,-0.587242,-0.8338,-0.329286,0
0.924167,-0.537004,-0.83013,-0.357699,0
0.940862,-0.498214,-0.818013,-0.382054,0
0.957686,-0.460694,-0.812113,-0.400669,0
0.97448,-0.407175,-0.807055,-0.421145,0
0.99131,-0.339941,-0.798235,-0.443216,0
1.00816,-0.269497,-0.790675,-0.462135,0
1.02512,-0.200572,-0.784195,-0.47609,0
1.04175,-0.145765,-0.787611,-0.492572,0
1.05857,-0.0859727,-0.795024,-0.50444,0
1.07536,-0.0347218,-0.810349,-0.519132,0
1.09216,0.0262952,-0.823485,-0.531726,0
1.10904,0.0828674,-0.843715,-0.54704,0
1.12595,0.131358,-0.861055,-0.560167,0
1.14263,0.168649,-0.880403,-0.571419,0
1.1595,0.204885,-0.901472,-0.585584,0
1.17625,0.235944,-0.919532,-0.599985,0
1.19372,0.258295,-0.939497,-0.616849,0
1.21014,0.277452,-0.961095,-0.631304,0
1.22673,0.268242,-0.984093,-0.639174,0
1.2433,0.256075,-0.99932,-0.641399,0
1.25958,0.23283,-1.02134,-0.638786,0
1.27694,0.22145,-1.03125,-0.636546,0
1.29372,0.228784,-1.04422,-0.639147,0
1.31053,0.239341,-1.06432,-0.650417,0
1.32734,0.248391,-1.08603,-0.660076,0
1.34415,0.23906,-1.10912,-0.670616,0
1.36096,0.248149,-1.1334,-0.67965,0
1.37779,0.247397,-1.15421,-0.689654,0
1.39458,0.238208,-1.18101,-0.700489,0
1.4114,0.230331,-1.20399,-0.702996,0
1.42826,0.210764,-1.22817,-0.696103,0
1.44504,0.185449,-1.24441,-0.685675,0
1.46184,0.16375,-1.25834,-0.674477,0
1.47864,0.136607,-1.27475,-0.671659,0
1.49547,0.104798,-1.29331,-0.664723,0
1.51227,0.0732611,-1.30473,-0.656518,0
1.52972,0.0376856,-1.31452,-0.647225,0
1.54614,0.00719233,-1.31394,-0.632479,0
1.5625,-0.0274886,-1.29999,-0.613059,0
1.57921,-0.061487,-1.28803,-0.587372,0
1.59624,-0.0991723,-1.27329,-0.560835,0
1.61305,-0.135746,-1.26066,-0.535829,0
1.62987,-0.145735,-1.23638,-0.507614,0
1.64666,-0.154297,-1.21557,-0.48117,0
1.66349,-0.165908,-1.19324,-0.458504,0
1.68044,-0.167317,-1.16513,-0.439076,0
1.69726,-0.168524,-1.13207,-0.422423,0
1.71406,-0.169559,-1.10822,-0.408149,0
1.73088,-0.15763,-1.0788,-0.389134,0
1.74768,-0.151677,-1.0491,-0.372835,0
1.76458,-0.150847,-1.01019,-0.349824,0
1.78135,-0.150135,-0.976834,-0.334621,0
1.79817,-0.158068,-0.943759,-0.323849,0
1.81494,-0.160597,-0.910925,-0.307836,0
1.83176,-0.158492,-0.878295,-0.291851,0
1.84857,-0.152416,-0.841356,-0.273628,0
1.86602,-0.147208,-0.796239,-0.253489,0
1.88266,-0.15556,-0.762052,-0.240747,0
1.899,-0.154175,-0.732748,-0.229825,0
1.91575,-0.140172,-0.716602,-0.218203,0
1.93261,-0.123897,-0.702762,-0.210502,0
1.94946,-0.097132,-0.695385,-0.197121,0
1.96621,-0.0699184,-0.689062,-0.185651,0
1.98323,-0.0551362,-0.692612,-0.18034,0
1.99986,-0.0424658,-0.709112,-0.182568,0
2.01666,-0.0187898,-0.732225,-0.182218,0
2.03348,0.0100478,-0.756521,-0.179657,0
2.05044,0.0390377,-0.790803,-0.184243,0
2.06725,0.07243,-0.824672,-0.183653,0
2.08406,0.09678,-0.858188,-0.183148,0
2.10087,0.11338,-0.895887,-0.184975,0
2.11767,0.144695,-0.941657,-0.186541,0
2.13449,0.180081,-0.985373,-0.185623,0
2.15131,0.214684,-1.03181,-0.184836,0
2.16817,0.2358,-1.07611,-0.186422,0
2.18493,0.262443,-1.11407,-0.187781,0
2.20236,0.302367,-1.14661,-0.193467,0
2.21872,0.34086,-1.17451,-0.19834,0
2.23506,0.36531,-1.19841,-0.200257,0
2.25186,0.377724,-1.21891,-0.2019,0
2.26891,0.388364,-1.23199,-0.198788,0
2.28566,0.406028,-1.23871,-0.202901,0
2.30246,0.433984,-1.24448,-0.208686,0
2.31928,0.46649,-1.24045,-0.213646,0
2.33609,0.485809,-1.23251,-0.213376,0
2.35289,0.498096,-1.21673,-0.210885,0
2.36972,0.508627,-1.19873,-0.211009,0
2.38651,0.517655,-1.16984,-0.208856,0
2.40333,0.52112,-1.14059,-0.20475,0
2.42011,0.528363,-1.09758,-0.192191,0
2.43691,0.526027,-1.05622,-0.190466,0
2.45373,0.515481,-1.01181,-0.186727,0
2.47053,0.506441,-0.978222,-0.185782,0
2.48737,0.490149,-0.935979,-0.180453,0
2.50417,0.471913,-0.895285,-0.171364,0
2.52097,0.452009,-0.851434,-0.165834,0
2.53845,0.426406,-0.813847,-0.161093,0
2.55474,0.391644,-0.772659,-0.15025,0
2.57121,0.340489,-0.737355,-0.138695,0
2.58804,0.288097,-0.707095,-0.126531,0
2.60496,0.238919,-0.685643,-0.109324,0
2.62178,0.188222,-0.67174,-0.0990959,0
2.63862,0.136223,-0.668795,-0.0925888,0
2.65541,0.100197,-0.66627,-0.0870114,0
2.67222,0.0650455,-0.682047,-0.0777104,0
2.68904,0.0306436,-0.704541,-0.0697381,0
2.70584,-0.0116594,-0.728307,-0.0629047,0
2.72265,-0.0479191,-0.757648,-0.0615678,0
2.73953,-0.070455,-0.791769,-0.0536414,0
2.7563,-0.0940434,-0.8255,-0.0468474,0
2.77342,-0.114262,-0.858898,-0.0410239,0
2.79011,-0.123049,-0.89201,-0.0405527,0
2.8069,-0.134852,-0.924878,-0.0401488,0
2.82372,-0.144969,-0.957535,-0.0420628,0
2.84053,-0.149368,-0.985527,-0.0437033,0
2.85732,-0.144596,-1.00952,-0.0496298,0
2.87479,-0.127689,-1.0256,-0.0547097,0
2.89109,-0.104654,-1.0349,-0.0590638,0
2.90746,-0.076366,-1.0339,-0.0605358,0
2.92462,-0.052119,-1.02407,-0.068578,0
2.94305,-0.00570431,-1.00667,-0.084512,0
2.95813,0.0340797,-1.0097,-0.10043,0
2.97504,0.0639083,-1.0123,-0.109553,0
2.99165,0.0937477,-1.01004,-0.0902516,0
