0,0.0950144,-0.963542,-0.0401519,0
0.0110622,0.100084,-0.969191,-0.0366705,0
0.0281943,0.109499,-0.974033,-0.0267235,0
0.0452262,0.132777,-0.983832,-0.0321233,0
0.06202,0.1578,-0.992231,-0.0402331,0
0.07951,0.184318,-0.993781,-0.0471844,0
0.0959581,0.201978,-0.989461,-0.0392169,0
0.11224,0.222184,-0.991408,-0.0289061,0
0.129139,0.254713,-0.993076,-0.0235498,0
0.145332,0.302873,-1.00015,-0.0363658,0
0.163885,0.354292,-1.00622,-0.0473511,0
0.179888,0.393296,-0.988827,-0.0463226,0
0.196301,0.416588,-0.95697,-0.0384782,0
0.213075,0.406136,-0.924016,-0.0387173,0
0.229822,0.381969,-0.878823,-0.0458851,0
0.246623,0.376462,-0.851384,-0.0555104,0
0.263445,0.376812,-0.833513,-0.0637607,0
0.280245,0.366972,-0.823845,-0.0708324,0
0.297057,0.333191,-0.80426,-0.0699309,0
0.313873,0.294096,-0.781823,-0.0587139,0
0.33059,0.265656,-0.768241,-0.0490993,0
0.347393,0.236209,-0.767897,-0.054784,0
0.364302,0.205899,-0.767602,-0.0701009,0
0.381049,0.16978,-0.767349,-0.0832297,0
0.39804,0.118543,-0.750186,-0.0979644,0
0.415353,0.0847642,-0.735475,-0.093187,0
0.431766,0.0659502,-0.734163,-0.0856105,0
0.448302,0.0447544,-0.733038,-0.0860793,0
0.465261,-0.00383087,-0.720777,-0.0969255,0
0.482045,-0.0606841,-0.69332,-0.113185,0
0.498854,-0.0891371,-0.675435,-0.113196,0
0.515672,-0.118595,-0.660105,-0.106243,0
0.532474,-0.159053,-0.652613,-0.0898383,0
0.549276,-0.21908,-0.65749,-0.0827402,0
0.566096,-0.270531,-0.667318,-0.0975449,0
0.58294,-0.309562,-0.681392,-0.113716,0
0.599754,-0.337948,-0.699104,-0.117133,0
0.616556,-0.387627,-0.702987,-0.109617,0
0.633388,-0.435278,-0.717614,-0.113619,0
0.650175,-0.476122,-0.730151,-0.113568,0
0.667078,-0.521271,-0.746546,-0.130932,0
0.683903,-0.5549,-0.783195,-0.152778,0
0.700706,-0.573585,-0.831554,-0.168021,0
0.717524,-0.584532,-0.873005,-0.174124,0
0.734336,-0.598984,-0.897236,-0.179356,0
0.751816,-0.63672,-0.895411,-0.197765,0
0.768124,-0.679204,-0.882549,-0.217026,0
0.784568,-0.695341,-0.882821,-0.237018,0
0.801725,-0.663546,-0.916948,-0.261116,0
0.818456,-0.636293,-0.934902,-0.274808,0
0.835242,-0.623073,-0.927696,-0.279582,0
0.852139,-0.616811,-0.893275,-0.276711,0
0.868961,-0.586096,-0.880718,-0.277731,0
0.885671,-0.524281,-0.898199,-0.296013,0
0.902611,-0.461158,-0.913182,-0.318646,0
0.919293,-0.422262,-0.90343,-0.317157,0
0.936312,-0.388922,-0.878124,-0.305436,0
0.952883,-0.334997,-0.862083,-0.305835,0
0.969705,-0.283706,-0.870928,-0.323583,0
0.986586,-0.239742,-0.867212,-0.345759,0
1.00451,-0.202059,-0.858378,-0.354323,0
1.0202,-0.144411,-0.862104,-0.372107,0
1.03709,-0.0797899,-0.893542,-0.394314,0
1.05392,-0.0700266,-0.864,-0.395941,0
1.07073,-0.0768667,-0.810434,-0.397336,0
1.08809,-0.0472427,-0.792765,-0.415938,0
1.10438,0.0237754,-0.834108,-0.431884,0
1.12109,0.0998568,-0.875194,-0.431625,0
1.13725,0.149861,-0.91041,-0.452292,0
1.15465,0.182582,-0.918001,-0.466525,0
1.17138,0.190351,-0.901911,-0.461318,0
1.18815,0.242636,-0.922013,-0.463818,0
1.20522,0.30773,-0.961839,-0.462479,0
1.22193,0.363524,-0.984678,-0.464812,0
1.2388,0.370792,-0.981658,-0.470294,0
1.25561,0.366882,-0.962124,-0.471511,0
1.27234,0.388879,-0.967975,-0.479517,0
1.28916,0.417872,-0.97864,-0.489861,0
1.30608,0.457932,-0.999078,-0.484802,0
1.32281,0.492269,-1.02225,-0.487428,0
1.33957,0.521701,-1.04775,-0.500123,0
1.3569,0.511442,-1.04137,-0.504042,0
1.37335,0.497578,-1.03025,-0.496957,0
1.39009,0.500904,-1.04897,-0.504809,0
1.40764,0.493615,-1.06501,-0.508059,0
1.42395,0.46709,-1.06181,-0.507362,0
1.44062,0.439284,-1.07037,-0.524173,0
1.45694,0.42052,-1.089,-0.531619,0
1.47406,0.404437,-1.12192,-0.53452,0
1.49075,0.380512,-1.15578,-0.554413,0
1.50764,0.339726,-1.16786,-0.574946,0
1.52449,0.294628,-1.17821,-0.582102,0
1.54123,0.271182,-1.20403,-0.584754,0
1.5581,0.256154,-1.23746,-0.580064,0
1.57473,0.228065,-1.26612,-0.600414,0
1.59151,0.188779,-1.29068,-0.614376,0
1.60833,0.139897,-1.31738,-0.61938,0
1.6252,0.0979984,-1.34592,-0.620188,0
1.64198,0.0468764,-1.37038,-0.627843,0
1.65876,-0.00201202,-1.39134,-0.630924,0
1.67557,-0.0388468,-1.42061,-0.630082,0
1.69237,-0.0906977,-1.42875,-0.629361,0
1.70917,-0.160489,-1.43008,-0.639188,0
1.726,-0.22538,-1.44251,-0.651092,0
1.74289,-0.275931,-1.47577,-0.657814,0
1.76039,-0.32433,-1.47603,-0.663575,0
1.77677,-0.396233,-1.40846,-0.644144,0
1.79291,-0.462933,-1.33361,-0.620525,0
1.81004,-0.494757,-1.28074,-0.586355,0
1.82737,-0.476408,-1.29191,-0.584918,0
1.84395,-0.460681,-1.29019,-0.580205,0
1.86069,-0.472548,-1.25483,-0.562239,0
1.87748,-0.497929,-1.16238,-0.532914,0
1.8943,-0.519683,-1.06618,-0.490371,0
1.9111,-0.487635,-1.04022,-0.481757,0
1.92789,-0.434817,-1.02927,-0.484818,0
1.94475,-0.414892,-0.997284,-0.466553,0
1.96153,-0.402883,-0.947273,-0.454379,0
1.97836,-0.38752,-0.910055,-0.419574,0
1.99514,-0.359143,-0.906399,-0.368852,0
2.01208,-0.309472,-0.92586,-0.342784,0
2.02919,-0.282106,-0.925594,-0.348291,0
2.04565,-0.278927,-0.90842,-0.359974,0
2.06239,-0.30155,-0.854157,-0.369988,0
2.07992,-0.295594,-0.841539,-0.357683,0
2.0963,-0.265141,-0.858968,-0.329729,0
2.11263,-0.233968,-0.879556,-0.30925,0
2.12939,-0.19711,-0.908501,-0.319547,0
2.14646,-0.195934,-0.88812,-0.328374,0
2.16327,-0.184788,-0.865001,-0.318532,0
2.18007,-0.170164,-0.862132,-0.296171,0
2.19688,-0.127212,-0.876619,-0.24219,0
2.21371,-0.0549085,-0.934227,-0.255104,0
2.23157,0.0121352,-0.961011,-0.290544,0
2.24772,0.0493229,-0.961372,-0.300033,0
2.26443,0.0457111,-0.933438,-0.287277,0
2.28121,0.0628936,-0.926441,-0.269381,0
2.29801,0.0978997,-0.943039,-0.257523,0
2.31473,0.158322,-0.974212,-0.261284,0
2.33156,0.199974,-0.989634,-0.278434,0
2.34838,0.210328,-0.96896,-0.28269,0
2.36523,0.209063,-0.945591,-0.275893,0
2.38209,0.233327,-0.942506,-0.266586,0
2.39979,0.284542,-0.979405,-0.258608,0
2.41636,0.33351,-1.01103,-0.255252,0
2.43262,0.360274,-1.02119,-0.248893,0
2.44901,0.347728,-0.996011,-0.250406,0
2.46592,0.321765,-0.95748,-0.241259,0
2.48328,0.329929,-0.947048,-0.216011,0
2.49934,0.352135,-0.955053,-0.197851,0
2.51659,0.381308,-0.967564,-0.210137,0
2.53336,0.370826,-0.950043,-0.206742,0
2.55019,0.341563,-0.901132,-0.200351,0
2.56699,0.316481,-0.859208,-0.187909,0
2.58379,0.289913,-0.823273,-0.156357,0
2.60063,0.292488,-0.80377,-0.146719,0
2.61742,0.299764,-0.79835,-0.148902,0
2.63422,0.311071,-0.788056,-0.150774,0
2.651,0.305553,-0.784881,-0.141934,0
2.66792,0.290685,-0.770862,-0.130875,0
2.68474,0.277941,-0.753197,-0.135322,0
2.7015,0.23153,-0.721109,-0.149578,0
2.7183,0.196819,-0.721849,-0.161797,0
2.73512,0.197484,-0.733781,-0.151382,0
2.75262,0.182846,-0.727062,-0.135492,0
2.76911,0.15002,-0.710006,-0.135798,0
2.7852,0.116814,-0.701034,-0.139541,0
2.80207,0.0680739,-0.687696,-0.114898,0
2.81902,0.0212269,-0.681912,-0.0902946,0
2.83582,0.0114897,-0.6939,-0.0831314,0
2.85273,0.0132826,-0.738069,-0.0839543,0
2.86948,0.0148195,-0.764631,-0.0846597,0
2.88629,0.000928037,-0.781749,-0.0852644,0
2.90313,-0.0109789,-0.773827,-0.0788197,0
2.91989,-0.0211849,-0.79528,-0.0802587,0
2.9369,-0.0248632,-0.836264,-0.0954178,0
2.95359,-0.00773787,-0.871393,-0.097967,0
2.97033,-0.00826768,-0.895855,-0.0862263,0
2.98714,-0.00365224,-0.905524,-0.0657184,0
3.00418,-0.00476572,-0.908164,-0.0481403,0
3.02095,-0.000650556,-0.93867,-0.0365547,0
