0,0.33851,-1.2517,-0.39375,0
0.014855,0.350118,-1.24595,-0.400139,0
0.0308759,0.374577,-1.22664,-0.405615,0
0.0479039,0.401347,-1.20146,-0.400725,0
0.0647541,0.42139,-1.17412,-0.39334,0
0.0815655,0.435668,-1.13631,-0.383815,0
0.0986879,0.447906,-1.08665,-0.372457,0
0.115379,0.455494,-1.03257,-0.362721,0
0.13216,0.447488,-0.977593,-0.351181,0
0.14898,0.426116,-0.92184,-0.331707,0
0.165805,0.393287,-0.856795,-0.302237,0
0.18259,0.350638,-0.798167,-0.280172,0
0.199984,0.299571,-0.742161,-0.251675,0
0.216237,0.244192,-0.69128,-0.227249,0
0.233119,0.173509,-0.647668,-0.203118,0
0.249366,0.0984127,-0.613163,-0.172852,0
0.266668,0.00792686,-0.592215,-0.137325,0
0.283428,-0.0841423,-0.585764,-0.10368,0
0.300387,-0.177569,-0.588863,-0.0748408,0
0.317038,-0.272158,-0.603023,-0.0501216,0
0.333968,-0.382255,-0.641046,-0.0129616,0
0.3514,-0.476624,-0.682265,0.0188899,0
0.367597,-0.548805,-0.717596,0.0429967,0
0.383964,-0.590361,-0.736375,0.0572708,0
0.401099,-0.614372,-0.746719,0.0535336,0
0.417752,-0.623346,-0.755585,0.0503303,0
0.434653,-0.625233,-0.763185,0.050779,0
0.451367,-0.609439,-0.758194,0.0479692,0
0.46818,-0.581391,-0.748165,0.032783,0
0.484061,-0.539938,-0.751072,0.0229607,0
0.500979,-0.498603,-0.759317,0.00176387,0
0.518393,-0.445761,-0.760631,-0.0387659,0
0.535338,-0.383056,-0.75313,-0.0862835,0
0.552085,-0.320603,-0.758204,-0.133402,0
0.568996,-0.252562,-0.771182,-0.180178,0
0.585765,-0.185535,-0.788058,-0.233049,0
0.602713,-0.12228,-0.802523,-0.287951,0
0.619369,-0.0651584,-0.814922,-0.338204,0
0.636171,-0.0161975,-0.845682,-0.390861,0
0.653164,0.034475,-0.886428,-0.442385,0
0.669773,0.0895165,-0.921354,-0.483353,0
0.687207,0.139597,-0.95129,-0.518469,0
0.70363,0.188327,-0.97695,-0.554958,0
0.720218,0.2359,-1.01045,-0.589428,0
0.736994,0.276676,-1.04491,-0.612585,0
0.753781,0.305823,-1.07733,-0.626045,0
0.770769,0.313395,-1.10512,-0.631193,0
0.787379,0.319885,-1.12893,-0.629217,0
0.804207,0.319643,-1.15222,-0.624329,0
0.820952,0.302025,-1.17794,-0.620139,0
0.837773,0.260805,-1.20573,-0.619742,0
0.854597,0.20516,-1.23243,-0.616207,0
0.871383,0.15166,-1.25532,-0.613178,0
0.88819,0.102902,-1.27206,-0.607386,0
0.905025,0.0465984,-1.28066,-0.599228,0
0.92191,-0.0161715,-1.28802,-0.585846,0
0.938672,-0.0757782,-1.29722,-0.564793,0
0.955922,-0.132674,-1.29647,-0.540358,0
0.971361,-0.187245,-1.2872,-0.509831,0
0.988123,-0.236923,-1.27637,-0.48047,0
1.00478,-0.279503,-1.25272,-0.442526,0
1.02152,-0.313099,-1.22093,-0.413197,0
1.03833,-0.336092,-1.17931,-0.381669,0
1.0552,-0.355799,-1.13788,-0.357839,0
1.07177,-0.358182,-1.08799,-0.343803,0
1.08845,-0.351518,-1.0366,-0.322188,0
1.10515,-0.345806,-0.989676,-0.300467,0
1.12322,-0.34091,-0.946577,-0.281849,0
1.13973,-0.336714,-0.909636,-0.269084,0
1.1566,-0.333117,-0.880848,-0.261338,0
1.1734,-0.327132,-0.856172,-0.261088,0
1.19019,-0.3191,-0.835022,-0.260873,0
1.20699,-0.312215,-0.822645,-0.2543,0
1.22465,-0.30051,-0.826417,-0.245471,0
1.2406,-0.284673,-0.832526,-0.237904,0
1.25737,-0.271099,-0.843515,-0.241001,0
1.27431,-0.250757,-0.858686,-0.253239,0
1.29114,-0.210106,-0.874566,-0.273312,0
1.30794,-0.163654,-0.891053,-0.287323,0
1.32535,-0.109328,-0.913814,-0.292943,0
1.34163,-0.0540574,-0.939075,-0.30415,0
1.3584,0.0049256,-0.966479,-0.323339,0
1.37594,0.0612865,-0.989969,-0.342981,0
1.39213,0.121204,-1.01298,-0.363011,0
1.40853,0.178365,-1.02983,-0.373791,0
1.42555,0.230263,-1.04714,-0.370254,0
1.44229,0.274747,-1.06198,-0.370416,0
1.45911,0.30417,-1.07183,-0.376944,0
1.47617,0.335193,-1.07739,-0.388928,0
1.49279,0.367589,-1.07353,-0.3992,0
1.50957,0.404063,-1.05585,-0.398421,0
1.52694,0.435326,-1.03493,-0.391365,0
1.54318,0.453417,-1.01125,-0.382123,0
1.55997,0.466021,-0.988081,-0.377395,0
1.5769,0.471021,-0.962467,-0.370148,0
1.59357,0.478209,-0.931884,-0.357547,0
1.61039,0.481468,-0.897041,-0.337164,0
1.62776,0.481359,-0.8643,-0.313303,0
1.64405,0.47256,-0.836237,-0.286462,0
1.66086,0.447606,-0.815058,-0.26665,0
1.67763,0.417511,-0.796905,-0.249668,0
1.69448,0.383009,-0.784221,-0.231918,0
1.71188,0.341828,-0.77335,-0.210315,0
1.72844,0.289119,-0.772659,-0.175826,0
1.74476,0.238135,-0.774944,-0.143069,0
1.76136,0.182826,-0.779778,-0.111797,0
1.77843,0.115105,-0.79255,-0.0881875,0
1.79526,0.0425488,-0.812126,-0.071145,0
1.81207,-0.0254466,-0.834657,-0.0565371,0
1.82888,-0.0895322,-0.859722,-0.0376272,0
1.84577,-0.144463,-0.884082,-0.0214187,0
1.86254,-0.185742,-0.902086,-0.0139146,0
1.87933,-0.209517,-0.914642,-0.0170658,0
1.89646,-0.218287,-0.922528,-0.0293501,0
1.91306,-0.214196,-0.926412,-0.0398795,0
1.92987,-0.204886,-0.92974,-0.0520992,0
1.94636,-0.182395,-0.926841,-0.0625732,0
1.96346,-0.15151,-0.92148,-0.0747453,0
1.9802,-0.122135,-0.911133,-0.0724009,0
