0,0.0450412,-0.94819,-0.300226,0
0.007814,0.0450412,-0.94819,-0.300226,0
0.024065,0.0450412,-0.950678,-0.304088,0
0.0414139,0.0478325,-0.95281,-0.307398,0
0.0582366,0.0474338,-0.959613,-0.310235,0
0.0750013,0.0498832,-0.962957,-0.316528,0
0.0918306,0.0519828,-0.968311,-0.329646,0
0.108596,0.0565737,-0.9729,-0.344751,0
0.125396,0.0660912,-0.979321,-0.353836,0
0.142889,0.0742491,-0.987313,-0.365485,0
0.159219,0.0924067,-0.994163,-0.371609,0
0.175394,0.121927,-1.00501,-0.380719,0
0.192696,0.150021,-1.01431,-0.388528,0
0.209287,0.182475,-1.01979,-0.399083,0
0.226094,0.218667,-1.022,-0.419714,0
0.24292,0.25248,-1.01892,-0.429676,0
0.259717,0.284254,-1.00882,-0.438214,0
0.27652,0.308697,-0.985228,-0.437809,0
0.293295,0.329648,-0.955058,-0.437462,0
0.310104,0.336442,-0.921735,-0.42558,0
0.326914,0.3311,-0.893172,-0.403811,0
0.343717,0.295817,-0.871177,-0.373567,0
0.360544,0.243244,-0.844861,-0.328336,0
0.377393,0.189808,-0.817329,-0.293428,0
0.394145,0.144006,-0.79373,-0.255783,0
0.411055,0.0879988,-0.771015,-0.219655,0
0.42784,0.0316193,-0.749056,-0.180965,0
0.44462,-0.0194973,-0.730235,-0.147802,0
0.4621,-0.0716853,-0.709126,-0.111654,0
0.478524,-0.130374,-0.696009,-0.0768078,0
0.495205,-0.186262,-0.692229,-0.0508014,0
0.511692,-0.236956,-0.691477,-0.0246487,0
0.528742,-0.288783,-0.698296,-0.00223204,0
0.545544,-0.335996,-0.714093,0.0169822,0
0.562419,-0.382048,-0.732608,0.0257285,0
0.579203,-0.421521,-0.753454,0.0255022,0
0.59779,-0.458146,-0.776298,0.0291697,0
0.612957,-0.497913,-0.800854,0.043898,0
0.629641,-0.53479,-0.82439,0.0835532,0
0.646459,-0.56919,-0.847051,0.121405,0
0.663262,-0.593093,-0.871451,0.142264,0
0.680052,-0.602416,-0.892365,0.140836,0
0.69687,-0.599243,-0.910291,0.116443,0
0.713667,-0.579775,-0.930632,0.0916728,0
0.730493,-0.551924,-0.94558,0.054995,0
0.747293,-0.522468,-0.955904,0.0196953,0
0.764094,-0.497221,-0.959778,-0.0144231,0
0.781021,-0.472789,-0.955634,-0.0513906,0
0.798433,-0.437891,-0.937156,-0.0908001,0
0.814704,-0.396813,-0.908878,-0.136164,0
0.831032,-0.35323,-0.88464,-0.17891,0
0.848197,-0.31029,-0.863864,-0.207825,0
0.864815,-0.253946,-0.846056,-0.23261,0
0.881658,-0.191695,-0.823329,-0.257716,0
0.898439,-0.110424,-0.796385,-0.286958,0
0.914661,-0.0268068,-0.770802,-0.315884,0
0.932069,0.0532388,-0.75385,-0.329094,0
0.948833,0.127432,-0.744295,-0.344278,0
0.965623,0.204982,-0.743569,-0.353431,0
0.982456,0.274245,-0.75041,-0.357415,0
0.999246,0.336405,-0.768713,-0.36083,0
1.01606,0.389684,-0.789376,-0.37148,0
1.03288,0.440935,-0.819528,-0.392193,0
1.04968,0.49603,-0.857811,-0.433117,0
1.06648,0.548836,-0.90804,-0.475917,0
1.08342,0.585724,-0.958557,-0.520327,0
1.10018,0.597804,-1.02176,-0.558392,0
1.11764,0.580246,-1.09086,-0.579434,0
1.13401,0.559614,-1.15258,-0.589748,0
1.15073,0.52239,-1.21294,-0.590865,0
1.16682,0.473736,-1.26468,-0.58796,0
1.18435,0.398537,-1.31152,-0.589333,0
1.20118,0.314543,-1.35415,-0.59437,0
1.21797,0.211844,-1.39319,-0.598688,0
1.23477,0.115442,-1.41918,-0.60239,0
1.25169,0.0272291,-1.42902,-0.601701,0
1.2684,-0.0455904,-1.43247,-0.593387,0
1.28531,-0.108007,-1.41802,-0.574676,0
1.30208,-0.158716,-1.39569,-0.554777,0
1.31883,-0.202181,-1.3641,-0.53772,0
1.33563,-0.239436,-1.33454,-0.5231,0
1.35247,-0.271369,-1.29925,-0.510569,0
1.36931,-0.301532,-1.25656,-0.484381,0
1.38621,-0.327386,-1.215,-0.458074,0
1.40294,-0.346755,-1.16693,-0.431662,0
1.41983,-0.357774,-1.11578,-0.401301,0
1.43659,-0.364428,-1.06447,-0.371416,0
1.45397,-0.372923,-1.02049,-0.3458,0
1.47028,-0.382995,-0.987773,-0.327704,0
1.48689,-0.383255,-0.959727,-0.308333,0
1.50357,-0.372313,-0.935689,-0.280144,0
1.52042,-0.351768,-0.917572,-0.259843,0
1.53724,-0.320203,-0.902043,-0.250166,0
1.55403,-0.270816,-0.893708,-0.257318,0
1.57084,-0.200572,-0.894028,-0.282755,0
1.58781,-0.13199,-0.899277,-0.312282,0
1.60463,-0.0620392,-0.91124,-0.341452,0
1.62147,0.00350077,-0.923982,-0.354871,0
1.63824,0.0652604,-0.934904,-0.358649,0
1.65506,0.132154,-0.941778,-0.358026,0
1.67188,0.209029,-0.945182,-0.35363,0
1.68864,0.283297,-0.945611,-0.353724,0
1.70544,0.344163,-0.94598,-0.353805,0
1.72233,0.399126,-0.948783,-0.361597,0
1.73907,0.437863,-0.953674,-0.368276,0
1.75588,0.462692,-0.945427,-0.362416,0
1.77339,0.481183,-0.933383,-0.357393,0
1.78975,0.480285,-0.913107,-0.337642,0
1.80642,0.459976,-0.885777,-0.301405,0
1.82249,0.434195,-0.859863,-0.262621,0
1.83992,0.39814,-0.842627,-0.244824,0
1.85673,0.35328,-0.822878,-0.229569,0
1.87363,0.300872,-0.800974,-0.20877,0
1.89046,0.250369,-0.784687,-0.187082,0
1.90726,0.193124,-0.768239,-0.156906,0
1.92413,0.132891,-0.751653,-0.123319,0
1.94093,0.0728897,-0.739924,-0.0983912,0
1.95772,0.0214599,-0.727383,-0.073163,0
1.97452,-0.0254141,-0.716633,-0.0554004,0
1.99137,-0.0628006,-0.717371,-0.0478984,0
2.00827,-0.0892636,-0.722978,-0.0491913,0
2.02514,-0.106364,-0.730273,-0.0502994,0
2.04199,-0.121021,-0.719111,-0.0242184,0
