0,0.267348,-1.07811,-0.153328,0
0.0156994,0.267348,-1.07426,-0.161463,0
0.0334351,0.27997,-1.05942,-0.168436,0
0.0503314,0.300255,-1.03516,-0.178481,0
0.0669952,0.314487,-1.00283,-0.174888,0
0.0838087,0.320375,-0.963574,-0.171808,0
0.100593,0.322266,-0.922232,-0.161033,0
0.117376,0.317576,-0.875256,-0.139594,0
0.13374,0.313556,-0.834991,-0.117151,0
0.151325,0.303799,-0.78509,-0.0857109,0
0.167063,0.279659,-0.746165,-0.0587625,0
0.184739,0.249501,-0.708954,-0.0315962,0
0.201555,0.211029,-0.684752,-0.00831085,0
0.218374,0.165432,-0.664008,0.00758047,0
0.235166,0.116882,-0.650074,0.0089989,0
0.252741,0.0752674,-0.638131,0.00614713,0
0.269131,0.0364425,-0.627894,0.00777032,0
0.285731,-0.00630245,-0.615272,0.00916163,0
0.301827,-0.0555629,-0.612148,0.0144217,0
0.319289,-0.107253,-0.609469,0.0189304,0
0.336747,-0.157869,-0.611021,0.0187274,0
0.352939,-0.20441,-0.623891,0.0144859,0
0.369722,-0.250613,-0.638769,0.0108502,0
0.386533,-0.296527,-0.663063,0.00366643,0
0.403344,-0.332726,-0.687733,-0.00655869,0
0.420143,-0.37322,-0.708879,-0.0356609,0
0.43695,-0.407929,-0.742391,-0.0565381,0
0.453788,-0.440836,-0.786504,-0.0581626,0
0.470574,-0.465886,-0.828161,-0.0554874,0
0.48747,-0.493668,-0.867715,-0.0775998,0
0.504354,-0.517481,-0.917005,-0.112824,0
0.521304,-0.531582,-0.955407,-0.143015,0
0.538754,-0.540513,-0.99217,-0.177029,0
0.555155,-0.548168,-1.02753,-0.198049,0
0.57191,-0.557884,-1.06553,-0.216066,0
0.588963,-0.569369,-1.10579,-0.223373,0
0.605653,-0.56659,-1.14416,-0.229637,0
0.621845,-0.551587,-1.16549,-0.259412,0
0.639269,-0.52295,-1.19148,-0.284932,0
0.656104,-0.498403,-1.21375,-0.306808,0
0.672943,-0.477364,-1.23284,-0.325558,0
0.68973,-0.453019,-1.24536,-0.341629,0
0.706552,-0.41953,-1.26763,-0.339134,0
0.723364,-0.387669,-1.29441,-0.332928,0
0.740428,-0.350894,-1.30967,-0.347947,0
0.75703,-0.297284,-1.31891,-0.381158,0
0.773814,-0.241866,-1.32298,-0.421827,0
0.790609,-0.191209,-1.32646,-0.456686,0
0.807402,-0.144634,-1.32561,-0.474363,0
0.824167,-0.0984015,-1.31718,-0.481379,0
0.840934,-0.0461516,-1.30226,-0.483326,0
0.857762,0.00494503,-1.28178,-0.484994,0
0.874643,0.0518976,-1.26038,-0.478289,0
0.891436,0.0889872,-1.23434,-0.476609,0
0.908872,0.114467,-1.21202,-0.483304,0
0.925321,0.133152,-1.1852,-0.484976,0
0.941676,0.149167,-1.15066,-0.474206,0
0.958373,0.159739,-1.10568,-0.460907,0
0.975456,0.16249,-1.04403,-0.433237,0
0.992305,0.161692,-0.991198,-0.401385,0
1.00909,0.132609,-0.94591,-0.370016,0
1.02589,0.0982146,-0.899399,-0.334993,0
1.04271,0.0687334,-0.851838,-0.300906,0
1.05951,0.0466193,-0.79953,-0.267621,0
1.0763,0.0308198,-0.747002,-0.239091,0
1.09316,0.0109665,-0.701977,-0.210569,0
1.10992,-0.00605071,-0.667232,-0.186121,0
1.12677,-0.0332588,-0.645143,-0.148896,0
1.14361,-0.0597354,-0.633905,-0.125124,0
1.16093,-0.0824297,-0.620424,-0.108815,0
1.17717,-0.0987265,-0.60887,-0.0948363,0
1.19398,-0.10954,-0.598966,-0.0787869,0
1.211,-0.125119,-0.598171,-0.0690978,0
1.22779,-0.144784,-0.601336,-0.0729956,0
1.24531,-0.155328,-0.604049,-0.0763366,0
1.26162,-0.158055,-0.602528,-0.0710651,0
1.27783,-0.157238,-0.59353,-0.0624792,0
1.29511,-0.150226,-0.585817,-0.0632549,0
1.31177,-0.137904,-0.579207,-0.0639199,0
1.32855,-0.127343,-0.573541,-0.0766925,0
1.34535,-0.115136,-0.56099,-0.0876405,0
1.36251,-0.107827,-0.554079,-0.0807542,0
1.37904,-0.101563,-0.55585,-0.0748517,0
1.39583,-0.0961935,-0.561214,-0.081995,0
1.41272,-0.0947466,-0.573506,-0.104388,0
1.42941,-0.08404,-0.580194,-0.12765,0
1.44621,-0.0496191,-0.585928,-0.151656,0
1.4632,-0.0264264,-0.594689,-0.184436,0
1.47995,-0.00654701,-0.613739,-0.208465,0
1.49676,0.0168035,-0.630068,-0.224993,0
1.51363,0.055751,-0.644064,-0.239161,0
1.53038,0.0954456,-0.663754,-0.251305,0
1.54719,0.116848,-0.703713,-0.286119,0
1.56533,0.135192,-0.749504,-0.324095,0
1.58156,0.169849,-0.800294,-0.356645,0
1.59775,0.221643,-0.851523,-0.372343,0
1.61463,0.266038,-0.895433,-0.381731,0
1.63115,0.304091,-0.936917,-0.40198,0
1.64791,0.336708,-0.980168,-0.427472,0
1.66476,0.355198,-1.03263,-0.449322,0
1.68161,0.364737,-1.09298,-0.472119,0
1.69836,0.369757,-1.14471,-0.491658,0
1.71515,0.377215,-1.19675,-0.500271,0
1.73198,0.370986,-1.24135,-0.507654,0
1.74879,0.362492,-1.27958,-0.518049,0
1.76559,0.358366,-1.31235,-0.531027,0
1.78253,0.35483,-1.33659,-0.546219,0
1.79922,0.345488,-1.36121,-0.567376,0
1.81602,0.337481,-1.38617,-0.581442,0
1.83284,0.321151,-1.40755,-0.589432,0
1.84964,0.291376,-1.42589,-0.61255,0
1.86645,0.259544,-1.43776,-0.644569,0
1.88336,0.238571,-1.44023,-0.65981,0
1.90008,0.220594,-1.43082,-0.668807,0
1.91765,0.179941,-1.4189,-0.664316,0
1.93385,0.132473,-1.40868,-0.648264,0
1.95003,0.0886316,-1.40377,-0.638572,0
1.96734,0.044742,-1.39572,-0.6384,0
1.98402,0.00712239,-1.38497,-0.646388,0
2.00087,-0.025123,-1.36806,-0.645099,0
2.01767,-0.0496064,-1.34587,-0.639928,0
2.03432,-0.0769032,-1.31916,-0.627359,0
2.05113,-0.0939895,-1.27703,-0.604384,0
2.06803,-0.108635,-1.22168,-0.588758,0
2.08486,-0.118033,-1.1704,-0.5835,0
2.10165,-0.122932,-1.11105,-0.591195,0
2.11858,-0.117666,-1.04864,-0.589656,0
2.13577,-0.113151,-0.97976,-0.576135,0
2.15116,-0.106126,-0.913025,-0.548274,0
2.169,-0.100105,-0.851977,-0.491853,0
2.18572,-0.107566,-0.807343,-0.459763,0
2.20256,-0.110805,-0.772933,-0.440392,0
2.21935,-0.10096,-0.747285,-0.419721,0
2.23606,-0.0893658,-0.729149,-0.418273,0
2.25367,-0.0731169,-0.725143,-0.412964,0
2.26963,-0.0528784,-0.72171,-0.400279,0
2.28615,-0.0355311,-0.730308,-0.385338,0
2.3031,-0.0332838,-0.741525,-0.384734,0
2.31934,-0.0218912,-0.770374,-0.376082,0
2.3378,-0.0121261,-0.806642,-0.36053,0
