0,0.37815,-1.19785,-0.146851,0
0.0155714,0.381905,-1.20447,-0.141123,0
0.0329846,0.388878,-1.21677,-0.133349,0
0.0497428,0.39861,-1.22069,-0.135278,0
0.0666143,0.410706,-1.21743,-0.139795,0
0.0834201,0.421075,-1.21463,-0.143667,0
0.10102,0.426207,-1.21223,-0.146986,0
0.116769,0.434361,-1.19693,-0.152695,0
0.133991,0.44135,-1.16395,-0.157588,0
0.150625,0.44734,-1.1158,-0.158919,0
0.167558,0.452475,-1.06129,-0.157195,0
0.184252,0.456877,-1.00795,-0.149989,0
0.201095,0.449385,-0.948974,-0.140948,0
0.217928,0.435454,-0.891803,-0.130335,0
0.234738,0.408493,-0.842799,-0.118374,0
0.251768,0.38163,-0.800796,-0.108122,0
0.268626,0.362359,-0.751548,-0.099334,0
0.285372,0.345841,-0.696088,-0.0889376,0
0.302232,0.324173,-0.641928,-0.0800263,0
0.319016,0.301846,-0.588882,-0.069524,0
0.336565,0.267689,-0.550037,-0.057658,0
0.352613,0.234657,-0.510119,-0.044623,0
0.369653,0.206344,-0.469279,-0.0334501,0
0.385721,0.17832,-0.440898,-0.0238733,0
0.402269,0.146791,-0.41657,-0.0156647,0
0.420819,0.112256,-0.402341,-0.00290054,0
0.436772,0.0751451,-0.396768,0.00517608,0
0.452682,0.0358262,-0.405238,0.0206912,0
0.469901,-0.00538525,-0.419121,0.0339899,0
0.486783,-0.0519738,-0.437643,0.0396605,0
0.503444,-0.0956615,-0.460143,0.0445211,0
0.520232,-0.140618,-0.486051,0.040095,0
0.537178,-0.186661,-0.508259,0.0277089,0
0.55407,-0.229882,-0.54054,0.0142282,0
0.570853,-0.270683,-0.574832,0.00267323,0
0.587861,-0.30941,-0.617473,-0.00150279,0
0.604667,-0.342605,-0.654021,-0.00508224,0
0.621444,-0.374812,-0.691972,-0.0196067,0
0.638181,-0.402418,-0.724501,-0.0349204,0
0.654985,-0.426081,-0.765629,-0.0537746,0
0.672532,-0.450118,-0.800882,-0.0699353,0
0.688819,-0.466966,-0.831099,-0.0809233,0
0.705211,-0.473898,-0.856999,-0.0903415,0
0.722044,-0.47984,-0.879199,-0.101278,0
0.739106,-0.492442,-0.918097,-0.116381,0
0.755905,-0.506999,-0.958061,-0.135054,0
0.772776,-0.515721,-0.992316,-0.153924,0
0.78905,-0.508179,-1.00843,-0.172962,0
0.806365,-0.490449,-1.02887,-0.192145,0
0.823154,-0.467743,-1.04638,-0.208587,0
0.839959,-0.452035,-1.07464,-0.225545,0
0.856758,-0.446081,-1.11211,-0.24008,0
0.873795,-0.440977,-1.1641,-0.249674,0
0.890593,-0.432848,-1.21528,-0.263626,0
0.907395,-0.41837,-1.25915,-0.281313,0
0.924325,-0.402206,-1.29676,-0.305066,0
0.941016,-0.380842,-1.32899,-0.328289,0
0.957817,-0.355019,-1.34337,-0.351059,0
0.974643,-0.325377,-1.34907,-0.370576,0
0.992195,-0.296214,-1.35396,-0.387305,0
1.00856,-0.267462,-1.35153,-0.39878,0
1.02534,-0.239063,-1.36269,-0.405752,0
1.04132,-0.207212,-1.37888,-0.414591,0
1.05799,-0.172401,-1.39938,-0.425033,0
1.07541,-0.135053,-1.41695,-0.436846,0
1.09224,-0.0917769,-1.41877,-0.446972,0
1.10899,-0.0471732,-1.4137,-0.452787,0
1.12579,-0.00518668,-1.40936,-0.457772,0
1.14259,0.0308018,-1.40563,-0.456316,0
1.15939,0.0654038,-1.40907,-0.457932,0
1.17621,0.0950627,-1.40538,-0.459318,0
1.19302,0.124239,-1.39561,-0.457641,0
1.2098,0.149248,-1.3806,-0.45334,0
1.22661,0.174439,-1.34787,-0.449653,0
1.24343,0.192276,-1.31319,-0.443629,0
1.26024,0.207565,-1.28347,-0.432737,0
1.27705,0.216915,-1.24474,-0.420537,0
1.29386,0.221175,-1.21155,-0.41008,0
1.31067,0.221071,-1.17648,-0.395389,0
1.32817,0.220982,-1.14641,-0.379932,0
1.34458,0.217151,-1.12065,-0.360955,0
1.3613,0.210113,-1.08531,-0.338961,0
1.37741,0.200325,-1.05503,-0.317245,0
1.39485,0.188181,-1.02907,-0.298631,0
1.41171,0.174017,-0.993571,-0.285541,0
1.42848,0.161876,-0.956522,-0.271456,0
1.44528,0.15147,-0.931388,-0.25652,0
1.46211,0.138795,-0.903223,-0.240853,0
1.47892,0.124176,-0.872457,-0.221696,0
1.49573,0.111646,-0.839464,-0.205275,0
1.51255,0.100906,-0.80456,-0.188337,0
1.52935,0.0954547,-0.76802,-0.176682,0
1.54614,0.0907823,-0.730077,-0.160964,0
1.56312,0.0867774,-0.697554,-0.144627,0
1.5798,0.0795899,-0.6763,-0.130625,0
1.59659,0.0696743,-0.658083,-0.112894,0
1.6135,0.0611753,-0.649091,-0.0948322,0
1.63019,0.0576451,-0.641384,-0.0793507,0
1.64701,0.0508645,-0.634778,-0.0689449,0
1.66462,0.0488074,-0.629115,-0.0571616,0
1.68095,0.0432893,-0.624262,-0.0470616,0
1.69729,0.0423143,-0.613478,-0.0441326,0
1.71371,0.0452334,-0.597612,-0.0416221,0
1.73102,0.0439807,-0.584013,-0.0451984,0
1.74784,0.0466618,-0.572356,-0.0568561,0
1.76466,0.0527146,-0.562365,-0.0668484,0
1.78153,0.0579027,-0.560424,-0.0811415,0
1.79828,0.0623497,-0.55876,-0.0962568,0
1.81508,0.0624066,-0.563958,-0.109213,0
1.83191,0.0624554,-0.575035,-0.117454,0
1.84869,0.0624972,-0.577908,-0.115925,0
1.86552,0.0662878,-0.580369,-0.114615,0
1.88237,0.084556,-0.589103,-0.122084,0
1.89913,0.0964597,-0.596588,-0.131351,0
1.91585,0.106663,-0.622874,-0.147885,0
1.93268,0.104144,-0.658651,-0.162058,0
1.94948,0.101985,-0.689317,-0.174206,0
1.96629,0.100135,-0.715602,-0.181755,0
1.98312,0.106058,-0.744755,-0.191089,0
2.00062,0.11489,-0.776367,-0.204818,0
2.01702,0.12246,-0.810086,-0.21945,0
2.03367,0.128949,-0.858857,-0.240584,0
2.04971,0.134511,-0.900661,-0.267291,0
2.06704,0.139278,-0.943116,-0.304503,0
2.0838,0.143365,-0.979506,-0.339263,0
2.10062,0.150622,-1.02394,-0.371922,0
2.11742,0.149333,-1.06866,-0.399915,0
2.13423,0.140718,-1.10698,-0.423909,0
2.15103,0.133334,-1.13983,-0.444475,0
2.16797,0.13827,-1.16137,-0.467832,0
2.18466,0.153765,-1.15995,-0.487852,0
2.20151,0.167046,-1.15212,-0.507876,0
2.21828,0.17092,-1.15203,-0.527903,0
2.2351,0.155467,-1.1652,-0.54507,0
2.25191,0.127202,-1.19636,-0.55692,0
2.26872,0.0992204,-1.22306,-0.564213,0
2.28553,0.0789909,-1.23933,-0.573328,0
2.30235,0.0616514,-1.25327,-0.578277,0
2.31913,0.0430341,-1.27185,-0.585383,0
2.33666,0.0233216,-1.28114,-0.591474,0
2.35309,0.00267044,-1.29574,-0.599559,0
2.36983,-0.0187854,-1.30825,-0.606489,0
2.38597,-0.0409308,-1.31897,-0.612429,0
2.40311,-0.0561579,-1.32153,-0.61752,0
2.41986,-0.0767192,-1.31049,-0.624748,0
2.43666,-0.0905884,-1.2944,-0.633808,0
2.45343,-0.102476,-1.27398,-0.641573,0
2.47024,-0.116421,-1.24986,-0.648229,0
2.48711,-0.132128,-1.22256,-0.648206,0
2.50385,-0.149346,-1.19254,-0.648187,0
2.52065,-0.160349,-1.16018,-0.642441,0
2.53748,-0.177291,-1.13244,-0.643245,0
2.5543,-0.191812,-1.10205,-0.635342,0
2.57117,-0.208013,-1.07599,-0.631432,0
2.58795,-0.225655,-1.05366,-0.625216,0
2.60476,-0.244531,-1.03452,-0.617024,0
2.62159,-0.256956,-1.02474,-0.610003,0
2.63837,-0.27136,-1.01635,-0.598256,0
2.65517,-0.283707,-1.00254,-0.591052,0
2.67199,-0.29429,-0.98408,-0.582012,0
2.68949,-0.303361,-0.968256,-0.568536,0
2.70581,-0.311137,-0.954693,-0.556985,0
2.72214,-0.314046,-0.936444,-0.549948,0
2.73899,-0.312786,-0.920802,-0.543917,0
2.75588,-0.30795,-0.894148,-0.538747,0
2.77274,-0.303806,-0.871303,-0.531451,0
2.78952,-0.296498,-0.85172,-0.525198,0
2.80632,-0.29399,-0.828312,-0.516974,0
2.82314,-0.288085,-0.808248,-0.509925,0
2.83995,-0.283023,-0.791051,-0.506747,0
2.85676,-0.27493,-0.769687,-0.498295,0
2.87377,-0.264238,-0.751375,-0.496778,0
2.89059,-0.255074,-0.735679,-0.48975,0
2.90739,-0.250973,-0.735471,-0.483726,0
2.92419,-0.247459,-0.735293,-0.478562,0
2.94101,-0.244446,-0.741764,-0.477001,0
2.95781,-0.238109,-0.747311,-0.472798,0
2.97463,-0.232677,-0.752065,-0.469196,0
2.99148,-0.224267,-0.762763,-0.466108,0
3.00897,-0.213303,-0.778555,-0.466325,0
3.02558,-0.203905,-0.785469,-0.469376,0
3.04272,-0.19585,-0.804641,-0.466262,0
3.05915,-0.185191,-0.821075,-0.463594,0
