0,0.0543365,-0.99617,-0.126785,0
0.0157417,0.0517491,-0.993583,-0.129373,0
0.0335231,0.0417689,-0.99654,-0.139353,0
0.0502778,0.0358019,-0.996487,-0.147907,0
0.0675968,0.0358623,-0.996442,-0.15524,0
0.0838403,0.035914,-0.991228,-0.15635,0
0.100611,0.0359583,-0.986759,-0.154714,0
0.117402,0.0359963,-0.982929,-0.153311,0
0.134206,0.0386164,-0.97447,-0.149522,0
0.151013,0.0434496,-0.962046,-0.151449,0
0.167811,0.0553547,-0.946221,-0.150513,0
0.185272,0.065559,-0.935244,-0.154886,0
0.201604,0.0717182,-0.923248,-0.161221,0
0.217887,0.0847598,-0.902616,-0.166651,0
0.234829,0.108876,-0.869407,-0.168719,0
0.251698,0.134721,-0.833179,-0.170491,0
0.268565,0.172399,-0.794365,-0.177184,0
0.28532,0.202107,-0.758508,-0.198446,0
0.302174,0.230159,-0.727773,-0.211496,0
0.318948,0.251616,-0.706604,-0.214919,0
0.335763,0.254482,-0.696222,-0.217853,0
0.352613,0.24659,-0.70026,-0.222956,0
0.370358,0.23465,-0.71407,-0.222155,0
0.386254,0.219241,-0.728496,-0.216293,0
0.403079,0.190508,-0.748623,-0.213856,0
0.419849,0.16588,-0.773637,-0.219529,0
0.436646,0.149945,-0.79249,-0.242505,0
0.453451,0.146637,-0.806063,-0.272547,0
0.47025,0.123101,-0.830633,-0.303473,0
0.487643,0.0848156,-0.862044,-0.311869,0
0.504455,0.0442371,-0.888967,-0.311303,0
0.520801,0.00686802,-0.912044,-0.303056,0
0.537897,-0.0251626,-0.934412,-0.306336,0
0.553845,-0.0707296,-0.969109,-0.335023,0
0.571198,-0.114962,-1.00144,-0.364786,0
0.588394,-0.15805,-1.02915,-0.37736,0
0.604484,-0.200158,-1.0529,-0.372613,0
0.621702,-0.238838,-1.08878,-0.378894,0
0.638487,-0.269404,-1.12471,-0.389453,0
0.655281,-0.295604,-1.16845,-0.403678,0
0.672135,-0.318062,-1.21111,-0.400346,0
0.688903,-0.339898,-1.26579,-0.394903,0
0.705716,-0.345678,-1.31525,-0.38765,0
0.722568,-0.33252,-1.3654,-0.38402,0
0.739338,-0.321241,-1.4265,-0.391259,0
0.756134,-0.316749,-1.48146,-0.402639,0
0.772965,-0.318073,-1.52857,-0.404631,0
0.789818,-0.319208,-1.56377,-0.398575,0
0.806563,-0.307244,-1.57583,-0.401147,0
0.823365,-0.289227,-1.56547,-0.403352,0
0.840825,-0.253083,-1.54624,-0.402654,0
0.857097,-0.229866,-1.522,-0.407231,0
0.87341,-0.209965,-1.48569,-0.411154,0
0.890592,-0.198082,-1.4494,-0.419692,0
0.907252,-0.193072,-1.40276,-0.432185,0
0.924238,-0.162903,-1.33692,-0.429955,0
0.94094,-0.149981,-1.27271,-0.430632,0
0.957735,-0.146667,-1.21251,-0.426037,0
0.974557,-0.138652,-1.14538,-0.401399,0
0.991954,-0.134369,-1.06973,-0.369931,0
1.00842,-0.135873,-0.994531,-0.340371,0
1.02523,-0.144925,-0.930079,-0.315033,0
1.04209,-0.150096,-0.867072,-0.288141,0
1.05882,-0.157116,-0.805303,-0.27544,0
1.07564,-0.14502,-0.734247,-0.269728,0
1.09289,-0.129478,-0.665579,-0.259658,0
1.10948,-0.126506,-0.598958,-0.238088,0
1.12628,-0.134308,-0.552204,-0.222188,0
1.14318,-0.125471,-0.514717,-0.193034,0
1.16054,-0.112722,-0.485173,-0.165458,0
1.17682,-0.101793,-0.472787,-0.146996,0
1.19396,-0.113126,-0.482869,-0.131171,0
1.21039,-0.130602,-0.512211,-0.120195,0
1.22699,-0.150756,-0.542536,-0.110787,0
1.24377,-0.175794,-0.578879,-0.110485,0
1.26375,-0.20243,-0.602268,-0.115401,0
1.27743,-0.233023,-0.619728,-0.12479,0
1.29423,-0.26442,-0.637281,-0.122487,0
1.311,-0.268045,-0.657501,-0.115339,0
1.32781,-0.27374,-0.674833,-0.114387,0
1.34461,-0.283796,-0.687101,-0.11357,0
1.36141,-0.27689,-0.689855,-0.112871,0
1.37833,-0.278734,-0.692215,-0.114859,0
1.3948,-0.269964,-0.696825,-0.11915,0
1.41198,-0.25986,-0.700777,-0.128003,0
1.42865,-0.238262,-0.701577,-0.130416,0
1.44544,-0.230099,-0.710025,-0.12731,0
1.46224,-0.223102,-0.730203,-0.116885,0
1.47969,-0.224867,-0.747499,-0.113125,0
1.49705,-0.231555,-0.770086,-0.120251,0
1.51293,-0.229525,-0.789446,-0.131534,0
1.52897,-0.207086,-0.813803,-0.169668,0
1.54642,-0.185265,-0.842443,-0.215291,0
1.56452,-0.169148,-0.874754,-0.259571,0
1.58004,-0.160509,-0.907624,-0.302701,0
1.59737,-0.134991,-0.922861,-0.352606,0
1.61361,-0.0846575,-0.935921,-0.403145,0
1.63038,-0.0285768,-0.949703,-0.443876,0
1.64718,0.0194923,-0.977041,-0.460676,0
1.66412,0.0710442,-1.00306,-0.467314,0
1.68094,0.120407,-1.03054,-0.493703,0
1.69759,0.165304,-1.06444,-0.531847,0
1.71497,0.203788,-1.10385,-0.564542,0
1.73166,0.24195,-1.14539,-0.592566,0
1.74844,0.272072,-1.18876,-0.616587,0
1.76523,0.284953,-1.2337,-0.637176,0
1.78208,0.30117,-1.26445,-0.654824,0
1.79957,0.322832,-1.28046,-0.662189,0
1.81602,0.333637,-1.27348,-0.655564,0
1.83276,0.319612,-1.25457,-0.639535,0
1.84874,0.28689,-1.23318,-0.610272,0
1.86624,0.253668,-1.21226,-0.580014,0
1.8837,0.232955,-1.18139,-0.554079,0
1.90039,0.220375,-1.14717,-0.542199,0
1.91672,0.207005,-1.11525,-0.529428,0
1.93411,0.195545,-1.08271,-0.515895,0
1.95077,0.165023,-1.05482,-0.514644,0
1.9677,0.136273,-1.03092,-0.513572,0
1.98442,0.124568,-1.01043,-0.504891,0
2.00125,0.11971,-1.00063,-0.489688,0
