0,0.108673,-0.959946,-0.0905609,0
0.0120456,0.108673,-0.959946,-0.0931484,0
0.0295784,0.106086,-0.957358,-0.0979536,0
0.0473396,0.109043,-0.947378,-0.10466,0
0.063478,0.121927,-0.936236,-0.120758,0
0.0801712,0.135558,-0.924098,-0.137144,0
0.0961937,0.14983,-0.90852,-0.143426,0
0.113697,0.162063,-0.889992,-0.146224,0
0.130612,0.177723,-0.874111,-0.143447,0
0.147478,0.191145,-0.860498,-0.143654,0
0.164161,0.202651,-0.843656,-0.151594,0
0.180978,0.212512,-0.824044,-0.1584,0
0.196845,0.223553,-0.809822,-0.151296,0
0.214641,0.233016,-0.797631,-0.140032,0
0.231465,0.23854,-0.794944,-0.140727,0
0.248394,0.2381,-0.800404,-0.15426,0
0.264978,0.232547,-0.810258,-0.178797,0
0.2818,0.222613,-0.816117,-0.194654,0
0.298731,0.203749,-0.818552,-0.203071,0
0.315469,0.184992,-0.823226,-0.202523,0
0.33242,0.176676,-0.84017,-0.212403,0
0.349348,0.172137,-0.862456,-0.228634,0
0.366783,0.16307,-0.884145,-0.252896,0
0.383189,0.14495,-0.907911,-0.252992,0
0.399888,0.113893,-0.936044,-0.2272,0
0.415933,0.0820975,-0.960159,-0.205093,0
0.433383,0.0444948,-0.991178,-0.222368,0
0.45006,-0.00326092,-1.01777,-0.265637,0
0.466815,-0.0519567,-1.03797,-0.276851,0
0.483634,-0.0962834,-1.05011,-0.276112,0
0.500451,-0.126515,-1.06569,-0.26513,0
0.517269,-0.155016,-1.07646,-0.268653,0
0.534066,-0.179445,-1.09086,-0.274261,0
0.550916,-0.197797,-1.11615,-0.27648,0
0.567672,-0.213527,-1.13523,-0.283557,0
0.584499,-0.232185,-1.14383,-0.287036,0
0.601353,-0.248177,-1.15378,-0.284842,0
0.618099,-0.243773,-1.17525,-0.2752,0
0.634909,-0.221885,-1.20918,-0.277285,0
0.651713,-0.205712,-1.22791,-0.29201,0
0.668528,-0.199612,-1.23362,-0.299456,0
0.685317,-0.19697,-1.23592,-0.295488,0
0.702941,-0.197294,-1.23531,-0.2895,0
0.719405,-0.202746,-1.2322,-0.284367,0
0.736298,-0.204832,-1.23211,-0.282555,0
0.752398,-0.193682,-1.25016,-0.286177,0
0.769481,-0.17895,-1.26304,-0.284106,0
0.786357,-0.171498,-1.26631,-0.284919,0
0.803105,-0.167698,-1.26394,-0.285615,0
0.819971,-0.161853,-1.2645,-0.286212,0
0.83674,-0.143906,-1.27792,-0.291899,0
0.853406,-0.128523,-1.28942,-0.296773,0
0.87039,-0.125688,-1.28634,-0.295777,0
0.88718,-0.131019,-1.263,-0.284572,0
0.903968,-0.140764,-1.23523,-0.269794,0
0.920854,-0.141355,-1.21143,-0.257126,0
0.937597,-0.128924,-1.18585,-0.243681,0
0.954459,-0.107918,-1.15875,-0.242506,0
0.971273,-0.0976764,-1.11742,-0.246674,0
0.988031,-0.0992474,-1.06646,-0.24766,0
1.00484,-0.103181,-1.00984,-0.238154,0
1.02165,-0.0858537,-0.969077,-0.232594,0
1.0392,-0.0632391,-0.936723,-0.240766,0
1.0557,-0.0464426,-0.901229,-0.24777,0
1.072,-0.0501577,-0.863043,-0.246011,0
1.0888,-0.0585171,-0.819962,-0.239329,0
1.10565,-0.0656822,-0.783036,-0.228426,0
1.12243,-0.0640614,-0.759147,-0.216493,0
1.13935,-0.04456,-0.754196,-0.208853,0
1.15612,-0.0278444,-0.752539,-0.194541,0
1.17291,-0.0186917,-0.743357,-0.182274,0
1.18971,-0.0211964,-0.727724,-0.17176,0
1.2067,-0.0233433,-0.716912,-0.157573,0
1.22333,-0.0329458,-0.705057,-0.158349,0
1.24018,-0.0411765,-0.694895,-0.15384,0
1.25698,-0.0430565,-0.688773,-0.134451,0
1.27378,-0.0498429,-0.683525,-0.110068,0
1.2906,-0.0737719,-0.673852,-0.0969318,0
1.30739,-0.09687,-0.660386,-0.0934342,0
1.32422,-0.119256,-0.661781,-0.103374,0
1.34104,-0.125506,-0.683676,-0.0963683,0
1.35887,-0.133451,-0.715381,-0.0903637,0
1.37499,-0.148024,-0.739969,-0.0929794,0
1.39165,-0.178627,-0.748107,-0.113334,0
1.40788,-0.21262,-0.749908,-0.14113,0
1.4253,-0.226232,-0.764388,-0.154605,0
1.4423,-0.232725,-0.7768,-0.155806,0
1.45911,-0.240878,-0.779677,-0.138723,0
1.47594,-0.255629,-0.77438,-0.126668,0
1.49274,-0.265684,-0.772428,-0.142209,0
1.50956,-0.266541,-0.781104,-0.171055,0
1.52636,-0.254339,-0.796303,-0.193193,0
1.54316,-0.241292,-0.801568,-0.194056,0
1.5609,-0.219759,-0.813844,-0.192208,0
1.57684,-0.201302,-0.824366,-0.18545,0
1.59362,-0.195831,-0.830797,-0.197769,0
1.61056,-0.196318,-0.838897,-0.231615,0
1.62722,-0.199322,-0.843252,-0.258038,0
1.64403,-0.188959,-0.865098,-0.272925,0
1.66104,-0.151615,-0.904522,-0.262398,0
1.67773,-0.127369,-0.940902,-0.261137,0
1.69513,-0.119523,-0.972084,-0.27558,0
1.71128,-0.133498,-0.99105,-0.316423,0
1.7278,-0.140301,-1.00731,-0.341081,0
1.74495,-0.125433,-1.04194,-0.359629,0
1.76158,-0.102339,-1.0768,-0.370352,0
1.77849,-0.0799568,-1.10668,-0.379544,0
1.79518,-0.065947,-1.12712,-0.382247,0
1.81197,-0.0487636,-1.14464,-0.394914,0
1.82878,-0.034035,-1.16741,-0.410947,0
1.84558,-0.023998,-1.17917,-0.437626,0
1.86242,-0.0257446,-1.17373,-0.444969,0
1.8793,-0.0168919,-1.17424,-0.440914,0
1.89603,-0.00412894,-1.17985,-0.437437,0
1.91282,0.00681073,-1.18466,-0.434458,0
1.92964,0.000662858,-1.17326,-0.434491,0
1.94668,-0.00460675,-1.1609,-0.43452,0
1.96367,0.00898863,-1.16841,-0.43972,0
1.98044,0.0232293,-1.17744,-0.433827,0
1.99715,0.0302606,-1.17483,-0.426188,0
2.0146,0.0285251,-1.17001,-0.422228,0
2.03103,0.0141003,-1.15294,-0.411071,0
2.04771,-0.00861367,-1.13572,-0.409271,0
2.06385,-0.0151455,-1.13131,-0.428427,0
2.08104,-0.0155693,-1.13011,-0.452609,0
2.0978,-0.023695,-1.1265,-0.452637,0
2.1146,-0.0384221,-1.12082,-0.439724,0
2.13143,-0.0536329,-1.12889,-0.431243,0
2.14824,-0.0640832,-1.14615,-0.442085,0
2.16503,-0.0756281,-1.16354,-0.464316,0
2.18194,-0.0906987,-1.17585,-0.473022,0
2.19885,-0.103616,-1.19935,-0.459784,0
