0,-0.0181122,-0.99617,-0.144897,0
0.0164516,-0.0181122,-0.99617,-0.144897,0
0.0334815,-0.0181122,-0.998757,-0.144897,0
0.0509563,-0.0129373,-1.00615,-0.150072,0
0.067813,-0.00591418,-1.02284,-0.157095,0
0.0845517,0.00010561,-1.05266,-0.165703,0
0.101353,0.00526543,-1.08858,-0.17308,0
0.118182,0.00192577,-1.14265,-0.181991,0
0.134968,-0.00869916,-1.2097,-0.194805,0
0.151774,-0.0178062,-1.28269,-0.210962,0
0.168756,-0.0256123,-1.34785,-0.232574,0
0.185573,-0.0297158,-1.40111,-0.256273,0
0.20237,-0.0280581,-1.43382,-0.279174,0
0.219174,-0.0266373,-1.44633,-0.296216,0
0.236666,-0.0280069,-1.44412,-0.308236,0
0.253184,-0.0291808,-1.41894,-0.313364,0
0.269838,-0.030187,-1.37148,-0.309997,0
0.286292,-0.028462,-1.31528,-0.301936,0
0.303253,-0.0269835,-1.24123,-0.282089,0
0.320075,-0.0179538,-1.15447,-0.254728,0
0.336944,-0.0102141,-1.06458,-0.223513,0
0.353746,-0.00099254,-0.977187,-0.196758,0
0.370529,0.00691162,-0.897101,-0.166062,0
0.387502,0.0162741,-0.82328,-0.134577,0
0.404217,0.0268865,-0.757418,-0.105001,0
0.421004,0.0308079,-0.703552,-0.0822389,0
0.437969,0.0238193,-0.665143,-0.0601407,0
0.454673,0.0100667,-0.637397,-0.0386119,0
0.471464,-0.00689609,-0.623964,-0.0201586,0
0.488284,-0.0266106,-0.620212,-0.00951646,0
0.50506,-0.0512711,-0.627346,-0.00298206,0
0.521855,-0.080171,-0.643811,0.00261886,0
0.538763,-0.110117,-0.670861,0.00483219,0
0.55556,-0.148723,-0.709571,0.00155442,0
0.573017,-0.184401,-0.753101,-0.00384255,0
0.589307,-0.214982,-0.793,-0.00846852,0
0.605611,-0.241194,-0.827199,-0.0150211,0
0.622722,-0.258487,-0.853926,-0.023225,0
0.639452,-0.273309,-0.876834,-0.030257,0
0.656248,-0.283427,-0.901644,-0.0336969,0
0.67308,-0.289511,-0.928085,-0.034058,0
0.689904,-0.284377,-0.958511,-0.0343675,0
0.706748,-0.264451,-0.987178,-0.0398077,0
0.723506,-0.23961,-1.01434,-0.0470581,0
0.740315,-0.197617,-1.03503,-0.0506854,0
0.757136,-0.146099,-1.05018,-0.051207,0
0.773942,-0.0941785,-1.0554,-0.0464791,0
0.790734,-0.0445001,-1.05729,-0.0372518,0
0.807617,0.00843124,-1.05114,-0.0293427,0
0.824362,0.0641508,-1.03294,-0.0303258,0
0.841168,0.12226,-1.0044,-0.0311684,0
0.857997,0.172068,-0.97735,-0.0318907,0
0.874791,0.214761,-0.943815,-0.0325098,0
0.892277,0.241005,-0.91507,-0.0278655,0
0.90866,0.25315,-0.887844,-0.0187098,0
0.925346,0.260972,-0.859332,-0.0108621,0
0.941832,0.257327,-0.829719,-0.001548,0
0.958883,0.249028,-0.796573,0.00643551,0
0.975692,0.23674,-0.768163,0.0081036,0
0.992498,0.221032,-0.738637,0.0121209,0
1.00931,0.197218,-0.723678,0.0155642,0
1.02612,0.171632,-0.713444,0.0236906,0
1.04294,0.141938,-0.709847,0.0254811,0
1.05975,0.116486,-0.706763,0.0192535,0
1.0766,0.102433,-0.706708,0.00615318,0
1.09339,0.095562,-0.709248,-0.00766312,0
1.11019,0.0896726,-0.714012,-0.0195057,0
1.12702,0.0794497,-0.728446,-0.0296564,0
1.14375,0.0603374,-0.756342,-0.0357696,0
1.16054,0.0413679,-0.790604,-0.0410095,0
1.17738,0.0276959,-0.822558,-0.0480883,0
1.19415,0.0185644,-0.855122,-0.0593307,0
1.21097,0.0210873,-0.893384,-0.0767294,0
1.22845,0.0258372,-0.933942,-0.0942301,0
1.24472,0.027321,-0.986818,-0.114406,0
1.2611,0.0156557,-1.05025,-0.131699,0
1.27808,0.00306933,-1.11239,-0.149109,0
1.29487,-0.00771896,-1.16823,-0.164032,0
1.31168,-0.0143786,-1.22128,-0.179411,0
1.32841,-0.014912,-1.26416,-0.192592,0
1.34476,-0.00243188,-1.29573,-0.209066,0
1.36114,0.0160277,-1.31504,-0.223186,0
1.37799,0.0447875,-1.32123,-0.232702,0
1.39555,0.0797886,-1.3162,-0.243445,0
1.41243,0.114964,-1.3067,-0.252654,0
1.42913,0.147703,-1.29598,-0.25796,0
1.44593,0.180939,-1.28161,-0.262508,0
1.4628,0.209427,-1.25894,-0.261231,0
1.47966,0.23902,-1.23693,-0.260137,0
1.49649,0.261798,-1.2103,-0.259199,0
1.51337,0.276148,-1.18747,-0.258395,0
1.53007,0.27551,-1.16273,-0.255118,0
1.54701,0.267201,-1.14152,-0.249722,0
1.56451,0.249729,-1.11817,-0.245097,0
1.58072,0.226991,-1.09039,-0.24372,0
1.59693,0.186801,-1.06658,-0.247715,0
1.61422,0.147178,-1.04876,-0.253726,0
1.63082,0.100278,-1.03866,-0.264054,0
1.64883,0.0419658,-1.03,-0.267731,0
1.66465,-0.0183659,-1.01999,-0.265708,0
1.68125,-0.0804285,-1.01142,-0.258799,0
1.69805,-0.133625,-0.998888,-0.245115,0
1.71493,-0.174047,-0.98815,-0.233386,0
1.73165,-0.206107,-0.978946,-0.220745,0
1.74842,-0.225825,-0.968469,-0.212497,0
1.7653,-0.232376,-0.962077,-0.205427,0
1.78202,-0.230229,-0.95401,-0.201955,0
1.79883,-0.225801,-0.949683,-0.196391,0
1.8157,-0.219418,-0.945974,-0.19421,0
1.83246,-0.213947,-0.945383,-0.19234,0
1.84928,-0.204083,-0.944876,-0.185563,0
1.86626,-0.195628,-0.947029,-0.171991,0
1.88356,-0.201318,-0.933349,-0.144833,0
1.90012,-0.182908,-0.944911,-0.131905,0
