0,-0.0181122,-0.959946,-0.235458,0
0.015759,-0.0232871,-0.965121,-0.227696,0
0.0337621,-0.0277227,-0.966969,-0.221043,0
0.0503156,-0.0366996,-0.965965,-0.217927,0
0.0670181,-0.0547439,-0.959931,-0.215257,0
0.0838203,-0.0779728,-0.959933,-0.207793,0
0.100579,-0.0952958,-0.962522,-0.203983,0
0.11714,-0.115319,-0.967329,-0.203304,0
0.134588,-0.145419,-0.958512,-0.210485,0
0.151258,-0.184156,-0.948367,-0.221815,0
0.168005,-0.219947,-0.942259,-0.236701,0
0.185459,-0.24545,-0.93961,-0.244286,0
0.201985,-0.264722,-0.937341,-0.250787,0
0.21835,-0.283829,-0.943157,-0.253772,0
0.23511,-0.297619,-0.945556,-0.251156,0
0.251519,-0.301676,-0.950199,-0.246326,0
0.268961,-0.302566,-0.959354,-0.244774,0
0.285706,-0.300742,-0.967201,-0.251205,0
0.302488,-0.301765,-0.971339,-0.26448,0
0.320213,-0.292293,-0.969711,-0.273272,0
0.336173,-0.276411,-0.970904,-0.275632,0
0.352941,-0.260211,-0.971926,-0.272481,0
0.369778,-0.238563,-0.972802,-0.264604,0
0.386528,-0.21742,-0.968378,-0.263028,0
0.403348,-0.191535,-0.964586,-0.282377,0
0.420152,-0.158998,-0.961335,-0.306723,0
0.436965,-0.120759,-0.966312,-0.317242,0
0.453755,-0.0698707,-0.980927,-0.297797,0
0.470575,-0.0236648,-0.990867,-0.281129,0
0.48743,0.0159402,-0.999387,-0.269429,0
0.504225,0.0473,-0.998927,-0.277514,0
0.521678,0.0793546,-1.00112,-0.305143,0
0.538187,0.109418,-1.00559,-0.3133,0
0.554567,0.135186,-1.00942,-0.304767,0
0.57144,0.157273,-1.01788,-0.279341,0
0.588341,0.173617,-1.02512,-0.267897,0
0.605096,0.182452,-1.03134,-0.263263,0
0.621863,0.184849,-1.03408,-0.267053,0
0.638672,0.189491,-1.03642,-0.27289,0
0.65549,0.188296,-1.04361,-0.272717,0
0.672341,0.182096,-1.05236,-0.269982,0
0.689114,0.171607,-1.07279,-0.259875,0
0.706182,0.160029,-1.10066,-0.251212,0
0.723033,0.147518,-1.12454,-0.254137,0
0.739857,0.136793,-1.14502,-0.261818,0
0.756683,0.122426,-1.17033,-0.27099,0
0.773789,0.112699,-1.19202,-0.268501,0
0.790299,0.104362,-1.20803,-0.256018,0
0.807003,0.0972153,-1.21658,-0.247906,0
0.823795,0.0885023,-1.2239,-0.238366,0
0.840634,0.081034,-1.23277,-0.232775,0
0.858084,0.0668703,-1.22225,-0.227984,0
0.874391,0.0521425,-1.20807,-0.221289,0
0.890736,0.0550434,-1.1985,-0.215551,0
0.907563,0.0627048,-1.19288,-0.210633,0
0.924483,0.0692717,-1.19065,-0.201242,0
0.941492,0.072313,-1.17839,-0.203542,0
0.958259,0.0619826,-1.15236,-0.213277,0
0.975043,0.0376032,-1.1197,-0.224208,0
0.991862,0.0141191,-1.08653,-0.228403,0
1.00867,0.00692719,-1.06327,-0.229411,0
1.02546,0.00593759,-1.03557,-0.232862,0
1.04229,-8.55446e-05,-0.998894,-0.233233,0
1.05909,-0.0104231,-0.96228,-0.230963,0
1.07589,-0.0166965,-0.91796,-0.218668,0
1.09269,-0.00913636,-0.877384,-0.195192,0
1.10956,-0.00524371,-0.840017,-0.177658,0
1.12632,-0.00449461,-0.807988,-0.162628,0
1.14354,0.00649729,-0.785709,-0.149745,0
1.16006,0.0133315,-0.764026,-0.138703,0
1.17683,0.0217768,-0.742853,-0.113713,0
1.19397,0.036778,-0.727292,-0.0845311,0
1.21062,0.059986,-0.729479,-0.054343,0
1.22682,0.0772911,-0.733941,-0.0258801,0
1.24417,0.0895366,-0.740353,-0.00924567,0
1.26077,0.110383,-0.751023,-0.000162496,0
1.27751,0.133425,-0.767932,0.00244817,0
1.2944,0.158351,-0.792775,0.0150357,0
1.31115,0.182304,-0.821832,0.0309999,0
1.32797,0.218359,-0.857087,0.047271,0
1.34485,0.246677,-0.879543,0.0534553,0
1.36183,0.260599,-0.891029,0.0406439,0
1.37884,0.27512,-0.900875,0.0270753,0
1.39551,0.292741,-0.924838,0.0232074,0
1.41229,0.305257,-0.947966,0.0328293,0
1.42909,0.305636,-0.960027,0.0255519,0
1.44601,0.300785,-0.967778,0.00637694,0
1.4627,0.291453,-0.966659,-0.0178211,0
1.47962,0.286041,-0.970875,-0.0282125,0
1.49643,0.278815,-0.974488,-0.0241822,0
1.51379,0.267446,-0.980173,-0.0181401,0
1.53021,0.252527,-0.985046,-0.0207236,0
1.54731,0.239739,-0.984048,-0.0332878,0
1.56304,0.221015,-0.985779,-0.0414697,0
1.58053,0.194616,-0.992439,-0.0277831,0
1.59731,0.151289,-0.992972,-0.0160517,0
1.61414,0.103802,-0.985666,-0.0111711,0
1.63095,0.0630986,-0.979404,-0.0121627,0
1.64775,0.0204476,-0.9818,-0.020775,0
1.66455,-0.0290477,-0.981265,-0.0255695,0
1.68138,-0.0766471,-0.980807,-0.0400289,0
1.69816,-0.114859,-0.980414,-0.0575976,0
1.71498,-0.13985,-0.982665,-0.0778314,0
1.73185,-0.153508,-0.992357,-0.0822373,0
1.74866,-0.17039,-0.995489,-0.0704891,0
1.76552,-0.182273,-0.990411,-0.0630067,0
1.78231,-0.195046,-0.975709,-0.066943,0
1.79912,-0.200819,-0.963107,-0.0651421,0
1.81592,-0.19283,-0.947131,-0.0584235,0
1.83272,-0.180808,-0.933437,-0.0526648,0
1.85021,-0.154978,-0.919112,-0.0477287,0
1.86671,-0.143188,-0.893896,-0.0434978,0
1.88297,-0.14602,-0.859345,-0.0243465,0
1.89979,-0.151034,-0.824555,-0.00534372,0
1.91679,-0.14757,-0.794735,0.00318203,0
1.9336,-0.129076,-0.776937,-0.00244745,0
1.95043,-0.105462,-0.766857,-0.0124476,0
1.96671,-0.0929834,-0.768566,-0.0210192,0
1.98405,-0.0874624,-0.762269,-0.0231914,0
2.00087,-0.0775552,-0.749109,-0.0224658,0
2.01763,-0.0638885,-0.73783,-0.0166689,0
2.03442,-0.0444117,-0.730749,-0.0117002,0
2.05126,-0.0458295,-0.742791,-0.0126162,0
2.06805,-0.0470448,-0.763464,-0.0134013,0
2.08485,-0.0429116,-0.781183,-0.0140743,0
2.10179,-0.0419563,-0.791196,-0.025001,0
2.11862,-0.0540747,-0.797191,-0.0395416,0
2.13542,-0.0670494,-0.817854,-0.0183681,0
2.15223,-0.0678207,-0.845915,0.00236813,0
2.16888,-0.0451948,-0.880317,0.00461728,0
2.18658,-0.0465007,-0.91498,-0.0115671,0
2.20304,-0.0709072,-0.944691,-0.0280268,0
2.21928,-0.0918271,-0.983094,-0.0343728,0
2.23641,-0.0864713,-1.02895,-0.0242875,0
2.25323,-0.0715308,-1.0786,-0.0337551,0
2.26991,-0.066487,-1.11858,-0.0677448,0
2.28668,-0.0699261,-1.14766,-0.102054,0
2.30358,-0.0702865,-1.16483,-0.144399,0
2.3204,-0.0783578,-1.16144,-0.172932,0
2.33722,-0.0956258,-1.15594,-0.194801,0
2.35407,-0.10784,-1.14864,-0.195435,0
2.37181,-0.105371,-1.1605,-0.175278,0
2.38765,-0.0851432,-1.18101,-0.170938,0
2.40454,-0.0652175,-1.20118,-0.177568,0
2.42129,-0.0610757,-1.21329,-0.196187,0
2.43814,-0.0782251,-1.20297,-0.214735,0
2.45499,-0.100687,-1.18895,-0.22287,0
2.47179,-0.112178,-1.18211,-0.227256,0
2.48859,-0.10909,-1.18142,-0.228428,0
2.50549,-0.101268,-1.17566,-0.242369,0
2.52286,-0.0971507,-1.16554,-0.254319,0
2.53928,-0.0962093,-1.14911,-0.259387,0
2.55561,-0.100577,-1.12985,-0.253381,0
2.57222,-0.0991464,-1.11334,-0.248234,0
2.58954,-0.092745,-1.10695,-0.246409,0
2.60626,-0.0846706,-1.10406,-0.255194,0
2.62301,-0.0803372,-1.09641,-0.270487,0
2.63983,-0.0869726,-1.08727,-0.27842,0
2.65673,-0.0900727,-1.07166,-0.282632,0
2.6737,-0.0953173,-1.06347,-0.281068,0
2.69053,-0.0946379,-1.0642,-0.279727,0
2.70725,-0.0837056,-1.0726,-0.283753,0
2.72403,-0.0743351,-1.09014,-0.292379,0
2.74097,-0.0688907,-1.10518,-0.286835,0
