0,0.0181122,-0.959946,-0.41658,0
0.0163921,0.0181122,-0.957358,-0.41658,0
0.0336827,0.0129373,-0.95514,-0.411405,0
0.0510853,0.00591418,-0.950652,-0.399207,0
0.0689536,-0.00010561,-0.946805,-0.396514,0
0.0848043,-0.00785289,-0.943507,-0.396793,0
0.101677,-0.011906,-0.943268,-0.39962,0
0.118449,-0.0179675,-0.940476,-0.402043,0
0.135262,-0.0309254,-0.938082,-0.409295,0
0.15211,-0.0420322,-0.933443,-0.412923,0
0.169402,-0.0489649,-0.929467,-0.41862,0
0.185737,-0.0574946,-0.923471,-0.420916,0
0.202568,-0.0648058,-0.920919,-0.420297,0
0.219315,-0.0710726,-0.92132,-0.419766,0
0.23611,-0.0842065,-0.921663,-0.414136,0
0.252927,-0.0980515,-0.919369,-0.411898,0
0.270007,-0.112506,-0.917404,-0.415154,0
0.286579,-0.122308,-0.923481,-0.420533,0
0.303285,-0.135885,-0.936453,-0.419968,0
0.320745,-0.165635,-0.950159,-0.422071,0
0.337142,-0.198897,-0.956732,-0.426462,0
0.353456,-0.227407,-0.944254,-0.44575,0
0.37033,-0.246669,-0.938733,-0.470045,0
0.38723,-0.247655,-0.944351,-0.475344,0
0.404007,-0.243325,-0.956928,-0.472124,0
0.420808,-0.237027,-0.959947,-0.456427,0
0.437613,-0.231628,-0.952184,-0.440385,0
0.454427,-0.221825,-0.940356,-0.431809,0
0.471273,-0.192723,-0.925042,-0.427046,0
0.488076,-0.144492,-0.922266,-0.420376,0
0.504874,-0.0721009,-0.932824,-0.414659,0
0.521693,0.000298135,-0.952223,-0.409759,0
0.538509,0.0778792,-0.963676,-0.405558,0
0.555297,0.136615,-0.973493,-0.39937,0
0.572194,0.179197,-0.976733,-0.396654,0
0.589037,0.213109,-0.982097,-0.394326,0
0.605809,0.249939,-0.99187,-0.397505,0
0.622665,0.273745,-1.00025,-0.402817,0
0.639407,0.291562,-1.0126,-0.399609,0
0.656863,0.299072,-1.03354,-0.394271,0
0.673297,0.318447,-1.06184,-0.387108,0
0.689826,0.350578,-1.09903,-0.380968,0
0.706242,0.380706,-1.13091,-0.378294,0
0.723284,0.391006,-1.15824,-0.373413,0
0.740086,0.38431,-1.17131,-0.366643,0
0.758881,0.383745,-1.19286,-0.358252,0
0.773719,0.388436,-1.21393,-0.348472,0
0.790502,0.389869,-1.22939,-0.345265,0
0.80729,0.370398,-1.22454,-0.345103,0
0.824096,0.343358,-1.20485,-0.342377,0
0.840935,0.317594,-1.18798,-0.334865,0
0.857768,0.300686,-1.17092,-0.318077,0
0.874563,0.275843,-1.14079,-0.290749,0
0.891615,0.244199,-1.10201,-0.269913,0
0.908208,0.206726,-1.04808,-0.252054,0
0.925053,0.203068,-1.00962,-0.252271,0
0.941792,0.210283,-0.971471,-0.257631,0
0.958712,0.213879,-0.931012,-0.257051,0
0.975392,0.193675,-0.870459,-0.256554,0
0.993686,0.160832,-0.803032,-0.248365,0
1.00924,0.148206,-0.755587,-0.241347,0
1.02591,0.147733,-0.720095,-0.232743,0
1.04234,0.157678,-0.694848,-0.212431,0
1.05955,0.16879,-0.68097,-0.187259,0
1.07623,0.191251,-0.674249,-0.163095,0
1.09385,0.218266,-0.673664,-0.147558,0
1.10991,0.259534,-0.688687,-0.147178,0
1.12673,0.305256,-0.711913,-0.144265,0
1.14359,0.341859,-0.731822,-0.13918,0
1.16066,0.362883,-0.748886,-0.129647,0
1.17729,0.380904,-0.763513,-0.124063,0
1.19517,0.393763,-0.770875,-0.12704,0
1.21105,0.404785,-0.779773,-0.132178,0
1.22784,0.411645,-0.797749,-0.12882,0
1.24463,0.409763,-0.815745,-0.115592,0
1.2616,0.402974,-0.836345,-0.104254,0
1.27836,0.397156,-0.854003,-0.0841857,0
1.29552,0.381818,-0.869137,-0.0695718,0
1.31207,0.353147,-0.876935,-0.0648078,0
1.32948,0.318222,-0.883619,-0.0658994,0
1.3458,0.283112,-0.889348,-0.0720099,0
1.36209,0.24008,-0.896846,-0.0824224,0
1.3789,0.192846,-0.913622,-0.08876,0
1.39587,0.149771,-0.935765,-0.0916047,0
1.41276,0.107676,-0.949569,-0.099218,0
1.4295,0.0534818,-0.940702,-0.113506,0
1.44631,-0.00849502,-0.927926,-0.133515,0
1.46315,-0.061618,-0.924738,-0.153253,0
1.47993,-0.104565,-0.922005,-0.16241,0
1.4968,-0.136201,-0.906726,-0.16767,0
1.51365,-0.158143,-0.883279,-0.185117,0
1.53044,-0.171775,-0.858007,-0.205246,0
1.54724,-0.173111,-0.828583,-0.219911,0
1.56404,-0.174255,-0.803362,-0.21437,0
1.58083,-0.180411,-0.78692,-0.188921,0
1.59765,-0.1831,-0.775413,-0.159345,0
1.61451,-0.167293,-0.765551,-0.139169,0
1.63131,-0.130456,-0.746747,-0.142574,0
1.64806,-0.10147,-0.722868,-0.155844,0
1.66551,-0.0973241,-0.689462,-0.167217,0
1.68197,-0.119645,-0.678941,-0.166616,0
1.69822,-0.123253,-0.685448,-0.160926,0
1.71552,-0.113407,-0.701374,-0.158636,0
1.73213,-0.0816816,-0.715026,-0.156673,0
1.74896,-0.059663,-0.737077,-0.165341,0
1.76618,-0.0666644,-0.768916,-0.16242,0
1.78252,-0.0778406,-0.803968,-0.159917,0
1.79928,-0.092595,-0.834013,-0.170709,0
1.81627,-0.089717,-0.870116,-0.195483,0
1.83297,-0.0743128,-0.924348,-0.221894,0
1.84974,-0.0611092,-0.98377,-0.229007,0
1.86646,-0.0472044,-1.03988,-0.214403,0
1.88326,-0.0482233,-1.0828,-0.204474,0
1.90005,-0.0542715,-1.10923,-0.203725,0
1.91732,-0.0568683,-1.14224,-0.216021,0
1.93365,-0.0435693,-1.18606,-0.211035,0
1.95041,-0.0399326,-1.22362,-0.206762,0
1.96745,-0.0445778,-1.25064,-0.205687,0
1.98408,-0.0537342,-1.25569,-0.20994,0
2.00155,-0.0564077,-1.24966,-0.22911,0
2.01881,-0.0405871,-1.25485,-0.261066,0
2.0344,-0.0218517,-1.26188,-0.293632,0
2.05101,-0.00579275,-1.26273,-0.318959,0
2.06747,0.000209697,-1.25053,-0.325142,0
2.08611,-0.00240771,-1.23748,-0.320093,0
