0,0.0181122,-0.978058,-0.108673,0
0.0111341,0.0181122,-0.978058,-0.108673,0
0.0284052,0.0258745,-0.978058,-0.106086,0
0.0451793,0.0299405,-0.980645,-0.0986929,0
0.061957,0.0334257,-0.985451,-0.0975312,0
0.0787543,0.0338255,-0.989569,-0.0965354,0
0.0955895,0.0264058,-0.990512,-0.090507,0
0.112378,0.025221,-0.993908,-0.0879273,0
0.129171,0.0267929,-0.999406,-0.0831286,0
0.145979,0.0307277,-1.00671,-0.0816029,0
0.162944,0.0366879,-1.01296,-0.0751203,0
0.179606,0.0366217,-1.02609,-0.0695637,0
0.197227,0.0339774,-1.03993,-0.0648009,0
0.213516,0.0187737,-1.05438,-0.0658935,0
0.229939,0.000567022,-1.06935,-0.0668299,0
0.246282,-0.0098638,-1.08477,-0.0702201,0
0.263896,-0.021392,-1.09799,-0.0783008,0
0.280378,-0.0364481,-1.10673,-0.0852272,0
0.297396,-0.0493535,-1.10646,-0.0885766,0
0.313414,-0.0655901,-1.10105,-0.0888601,0
0.330739,-0.089857,-1.08866,-0.0916905,0
0.347528,-0.102895,-1.07286,-0.0992915,0
0.364514,-0.111483,-1.04896,-0.103219,0
0.381147,-0.121431,-1.02331,-0.106586,0
0.398087,-0.135133,-0.993559,-0.106884,0
0.414931,-0.141703,-0.968057,-0.104552,0
0.431714,-0.147334,-0.938436,-0.102553,0
0.448527,-0.144399,-0.91046,-0.103428,0
0.465542,-0.141883,-0.889067,-0.104177,0
0.482337,-0.134551,-0.865556,-0.104819,0
0.499151,-0.115329,-0.840228,-0.100195,0
0.516764,-0.0936788,-0.818519,-0.0962312,0
0.533179,-0.0777086,-0.797323,-0.0902462,0
0.549843,-0.0614325,-0.776568,-0.0877037,0
0.565879,-0.0397192,-0.758778,-0.0881119,0
0.583398,-0.0159328,-0.740942,-0.0806994,0
0.60018,0.00186804,-0.730829,-0.0717584,0
0.616978,0.0197134,-0.716986,-0.0640946,0
0.633831,0.0427717,-0.710295,-0.0575257,0
0.650609,0.0832356,-0.709735,-0.0570701,0
0.667423,0.130856,-0.717018,-0.0515047,0
0.684245,0.163912,-0.728435,-0.0467343,0
0.701198,0.189657,-0.743395,-0.0452329,0
0.718118,0.209138,-0.763981,-0.0542958,0
0.734929,0.23101,-0.797151,-0.0775887,0
0.751723,0.25752,-0.833345,-0.100142,0
0.768539,0.285418,-0.859193,-0.114298,0
0.785162,0.314505,-0.883936,-0.118669,0
0.802159,0.329087,-0.910319,-0.125003,0
0.819028,0.333824,-0.932933,-0.12267,0
0.835092,0.330121,-0.94973,-0.123258,0
0.852372,0.326948,-0.958951,-0.128937,0
0.868516,0.334578,-0.969443,-0.141567,0
0.886595,0.34888,-0.981024,-0.152393,0
0.901771,0.353376,-0.985775,-0.148734,0
0.91967,0.339118,-0.984673,-0.140424,0
0.936414,0.319135,-0.973378,-0.135888,0
0.953226,0.307181,-0.961109,-0.139763,0
0.970333,0.29176,-0.96353,-0.148258,0
0.986851,0.247493,-0.960431,-0.145191,0
1.00366,0.214724,-0.957774,-0.147736,0
1.02045,0.204749,-0.955497,-0.152506,0
1.03724,0.206548,-0.953545,-0.156594,0
1.05407,0.192566,-0.959634,-0.149748,0
1.07088,0.172819,-0.975203,-0.146468,0
1.08768,0.166243,-0.988548,-0.154006,0
1.1045,0.168368,-0.9974,-0.175992,0
1.12132,0.157253,-1.00757,-0.197424,0
1.13816,0.127026,-1.01371,-0.20027,0
1.15506,0.0959421,-1.02414,-0.194947,0
1.17182,0.0951734,-1.03308,-0.205909,0
1.18931,0.0789897,-1.04075,-0.207543,0
1.20565,0.0599431,-1.04214,-0.211531,0
1.2219,0.0487924,-1.04075,-0.220124,0
1.2386,0.0288848,-1.04214,-0.22749,0
1.25567,0.00147127,-1.04851,-0.223453,0
1.27253,-0.0194385,-1.05138,-0.219993,0
1.28931,-0.0373613,-1.05643,-0.22479,0
1.3061,-0.0527236,-1.06335,-0.228902,0
1.32294,-0.0736536,-1.06928,-0.227251,0
1.33971,-0.101944,-1.07436,-0.223248,0
1.35652,-0.113255,-1.08389,-0.21723,0
1.37341,-0.128125,-1.09464,-0.206897,0
1.39016,-0.148633,-1.09869,-0.195453,0
1.40696,-0.166212,-1.09698,-0.190818,0
1.42383,-0.183866,-1.09034,-0.186845,0
1.4406,-0.198999,-1.08724,-0.186028,0
1.45738,-0.214557,-1.08458,-0.182739,0
1.47423,-0.227893,-1.07971,-0.177333,0
1.49102,-0.244499,-1.07036,-0.170112,0
1.50783,-0.266494,-1.05976,-0.174272,0
1.52525,-0.285348,-1.04809,-0.183013,0
1.54158,-0.29892,-1.0355,-0.193093,0
1.55786,-0.297617,-1.02471,-0.199145,0
1.57483,-0.293912,-1.01287,-0.201745,0
1.59188,-0.282974,-1.00789,-0.201387,0
1.60849,-0.278773,-1.00363,-0.208841,0
1.62528,-0.264823,-0.999979,-0.222994,0
1.64211,-0.250278,-0.999435,-0.237712,0
1.65891,-0.240399,-0.993793,-0.255502,0
1.67573,-0.221581,-0.991545,-0.268163,0
1.69258,-0.200276,-0.992206,-0.266079,0
1.70935,-0.182015,-0.992772,-0.259117,0
1.72615,-0.1586,-0.993258,-0.25315,0
1.74304,-0.117831,-0.993674,-0.26356,0
1.75982,-0.0725361,-1.00179,-0.280245,0
1.77674,-0.0362992,-1.01393,-0.291959,0
1.79352,-6.41737e-05,-1.02433,-0.299412,0
1.81028,0.0335819,-1.0203,-0.310975,0
1.82707,0.0624214,-1.01427,-0.328649,0
1.84464,0.0819661,-1.00133,-0.343798,0
1.86137,0.101306,-0.998009,-0.354196,0
1.87773,0.123058,-0.992571,-0.355345,0
1.89393,0.14429,-0.985323,-0.356331,0
1.9108,0.170252,-0.981698,-0.359763,0
1.92777,0.187329,-0.976003,-0.362705,0
1.94452,0.201967,-0.971122,-0.354877,0
1.96133,0.217101,-0.966938,-0.345579,0
1.97816,0.222311,-0.965939,-0.33761,0
1.99506,0.226777,-0.962495,-0.330779,0
2.01179,0.233192,-0.962131,-0.330099,0
2.0286,0.238691,-0.964406,-0.329516,0
2.04539,0.238229,-0.966356,-0.329017,0
2.0622,0.230071,-0.965441,-0.320826,0
2.07902,0.220491,-0.962068,-0.311218,0
2.09585,0.217454,-0.961765,-0.30557,0
2.11267,0.207089,-0.964092,-0.305904,0
2.12943,0.198204,-0.968675,-0.308778,0
2.14626,0.193176,-0.97519,-0.316416,0
2.16307,0.183692,-0.98595,-0.322963,0
2.17988,0.172975,-0.989997,-0.331162,0
2.19739,0.156027,-0.990879,-0.335602,0
2.21464,0.149262,-0.991635,-0.341995,0
2.2303,0.153813,-1.00005,-0.35265,0
2.24672,0.15254,-1.00725,-0.366958,0
2.26393,0.151448,-1.01602,-0.374047,0
2.2823,0.1531,-1.02871,-0.382711,0
2.2987,0.15969,-1.04994,-0.392724,0
2.314,0.149815,-1.04743,-0.383195,0
