0,-0.217346,-0.941833,-0.16301,0
0.0161224,-0.217346,-0.944421,-0.160422,0
0.0335529,-0.217346,-0.946639,-0.158204,0
0.0503405,-0.214759,-0.953715,-0.156303,0
0.0665737,-0.217716,-0.962367,-0.157261,0
0.0835965,-0.22025,-0.972371,-0.158083,0
0.101031,-0.219836,-0.983533,-0.161374,0
0.117867,-0.222067,-0.995688,-0.161608,0
0.134721,-0.229155,-1.01128,-0.166983,0
0.151527,-0.237818,-1.02465,-0.174178,0
0.168356,-0.245243,-1.0361,-0.180345,0
0.185175,-0.254195,-1.04592,-0.18563,0
0.201917,-0.264456,-1.05175,-0.190161,0
0.218819,-0.273251,-1.05675,-0.196632,0
0.235562,-0.278202,-1.05845,-0.202179,0
0.252457,-0.285033,-1.05731,-0.209521,0
0.2693,-0.290888,-1.05375,-0.213226,0
0.286842,-0.295907,-1.04553,-0.211227,0
0.303329,-0.297621,-1.03589,-0.209514,0
0.320077,-0.301678,-1.02245,-0.208045,0
0.336372,-0.305155,-1.00576,-0.201612,0
0.353535,-0.305548,-0.986278,-0.198684,0
0.371333,-0.303298,-0.964404,-0.191001,0
0.38751,-0.296194,-0.943067,-0.184414,0
0.403427,-0.28493,-0.922191,-0.168419,0
0.420585,-0.275275,-0.904298,-0.152122,0
0.437471,-0.259237,-0.886373,-0.138152,0
0.454235,-0.240316,-0.868421,-0.126179,0
0.471011,-0.224097,-0.855622,-0.105566,0
0.487813,-0.202433,-0.842063,-0.0878975,0
0.504828,-0.178689,-0.827854,-0.0701658,0
0.521492,-0.150574,-0.815675,-0.0497923,0
0.538445,-0.126476,-0.802648,-0.0349168,0
0.555167,-0.110996,-0.788895,-0.0247537,0
0.572241,-0.100314,-0.771931,-0.0134551,0
0.589016,-0.0808086,-0.765154,-0.0037706,0
0.60671,-0.0537398,-0.761932,0.00453042,0
0.623436,-0.0227756,-0.766932,0.014233,0
0.639728,0.00894007,-0.771218,0.0277245,0
0.655898,0.03095,-0.77748,0.0444635,0
0.672374,0.0498157,-0.782847,0.0562237,0
0.68976,0.0737486,-0.792622,0.0637165,0
0.706559,0.104612,-0.808763,0.0675514,0
0.723406,0.136242,-0.825186,0.068251,0
0.740182,0.168528,-0.84185,0.0714382,0
0.757006,0.196202,-0.861308,0.0767574,0
0.773839,0.222509,-0.883161,0.0787294,0
0.790657,0.247646,-0.901893,0.0804196,0
0.807456,0.274367,-0.917949,0.0792809,0
0.824278,0.299858,-0.934298,0.0783049,0
0.841219,0.31912,-0.945724,0.0722934,0
0.857951,0.333043,-0.958106,0.0671407,0
0.874862,0.339802,-0.968718,0.062724,0
0.891587,0.345595,-0.98299,0.051176,0
0.908403,0.350561,-0.99781,0.0361028,0
0.925384,0.35223,-1.01051,0.018008,0
0.942887,0.345898,-1.0214,-8.93242e-05,0
0.959307,0.335296,-1.04108,-0.0130138,0
0.975683,0.328796,-1.05795,-0.0266794,0
0.992363,0.320637,-1.07759,-0.0409803,0
1.00953,0.316231,-1.09701,-0.0558256,0
1.02635,0.304692,-1.11624,-0.0711376,0
1.0432,0.292214,-1.13014,-0.0842622,0
1.05995,0.268581,-1.13687,-0.100687,0
1.07678,0.248325,-1.13488,-0.117352,0
1.09361,0.230962,-1.13318,-0.131637,0
1.11041,0.210905,-1.12913,-0.143881,0
1.1272,0.18595,-1.12307,-0.151789,0
1.14404,0.156799,-1.11788,-0.161154,0
1.16085,0.129224,-1.11085,-0.169182,0
1.17778,0.105588,-1.1074,-0.173475,0
1.19458,0.082742,-1.10445,-0.179742,0
1.21139,0.0528095,-1.09933,-0.182527,0
1.22819,0.0245657,-1.09494,-0.187501,0
1.24499,-0.00223082,-1.09377,-0.194352,0
1.2618,-0.0226118,-1.09018,-0.197637,0
1.27885,-0.0426686,-1.08968,-0.200452,0
1.29589,-0.0598602,-1.08667,-0.200278,0
1.31203,-0.0771833,-1.08151,-0.200129,0
1.32886,-0.0946191,-1.07708,-0.200001,0
1.34576,-0.106977,-1.07328,-0.197304,0
1.36257,-0.114981,-1.07003,-0.194992,0
1.37948,-0.119255,-1.06724,-0.190424,0
1.3964,-0.122918,-1.06226,-0.181332,0
1.41306,-0.128646,-1.05282,-0.17354,0
1.42984,-0.133555,-1.03955,-0.166861,0
1.44664,-0.137763,-1.02559,-0.158548,0
1.46346,-0.143957,-1.01104,-0.143661,0
1.48024,-0.146679,-0.993391,-0.1309,0
1.49714,-0.149012,-0.973088,-0.117375,0
1.51393,-0.153599,-0.953098,-0.105782,0
1.5307,-0.157531,-0.928202,-0.0932578,0
1.5475,-0.158313,-0.906862,-0.0825227,0
1.56434,-0.153809,-0.888571,-0.0733212,0
1.58112,-0.144774,-0.870306,-0.0550844,0
1.59885,-0.131854,-0.854649,-0.0394528,0
1.61529,-0.12078,-0.843817,-0.0286418,0
1.63199,-0.103526,-0.831945,-0.0271376,0
1.64804,-0.0809742,-0.824356,-0.0310231,0
1.66559,-0.0512943,-0.820439,-0.0343536,0
1.68242,-0.0258543,-0.817081,-0.0320334,0
1.69921,0.00630116,-0.816791,-0.0300447,0
1.71601,0.0364504,-0.813955,-0.0309275,0
1.73285,0.0674676,-0.811523,-0.0265093,0
1.74966,0.0966412,-0.809439,-0.0278971,0
1.76645,0.121647,-0.805066,-0.0290867,0
1.78269,0.143081,-0.798729,-0.0352813,0
1.80004,0.161452,-0.793298,-0.0405909,0
1.81685,0.182375,-0.791231,-0.0451421,0
1.83366,0.200308,-0.792046,-0.049043,0
1.85058,0.223441,-0.797919,-0.0472118,0
1.86742,0.245858,-0.808129,-0.0482296,0
1.88423,0.270247,-0.819467,-0.049102,0
1.90103,0.288564,-0.829185,-0.0498498,0
1.91783,0.29909,-0.834928,-0.0582531,0
1.93535,0.305524,-0.839851,-0.0706309,0
1.95168,0.316214,-0.84407,-0.0812404,0
1.96811,0.330552,-0.852861,-0.0929217,0
1.985,0.340255,-0.860397,-0.105522,0
2.00179,0.348571,-0.864268,-0.118909,0
2.0186,0.353112,-0.867586,-0.140734,0
2.03541,0.362179,-0.873018,-0.167203,0
2.05222,0.375125,-0.880262,-0.192479,0
2.06914,0.391397,-0.891645,-0.211556,0
2.08609,0.407932,-0.906577,-0.227908,0
2.1029,0.422105,-0.919376,-0.249686,0
2.1197,0.431665,-0.930347,-0.273528,0
2.13651,0.43986,-0.93975,-0.296552,0
2.15334,0.449472,-0.94781,-0.318873,0
2.17012,0.460298,-0.957306,-0.332832,0
2.18693,0.469577,-0.965446,-0.337033,0
2.20376,0.477531,-0.977597,-0.343222,0
2.22054,0.479173,-0.985425,-0.353702,0
2.23738,0.477994,-0.98696,-0.365272,0
2.25495,0.476983,-0.988276,-0.380364,0
2.2713,0.476116,-0.986816,-0.3933,0
2.28812,0.475373,-0.985565,-0.401801,0
2.30432,0.474737,-0.98708,-0.409087,0
2.32142,0.471604,-0.985791,-0.415332,0
2.33809,0.461156,-0.982099,-0.423273,0
2.35491,0.4522,-0.981522,-0.430079,0
2.37171,0.444524,-0.983614,-0.435913,0
2.38851,0.435357,-0.990583,-0.438326,0
2.40538,0.419738,-0.996556,-0.44557,0
2.4222,0.398587,-1.00168,-0.45954,0
2.439,0.37787,-1.00606,-0.474103,0
2.45581,0.349763,-1.00724,-0.489172,0
2.47261,0.317909,-1.00824,-0.502089,0
2.48942,0.288018,-1.01169,-0.507986,0
2.50623,0.262398,-1.01465,-0.51304,0
2.52308,0.230087,-1.0146,-0.517372,0
2.53985,0.19463,-1.00938,-0.521086,0
2.55666,0.164238,-1.0049,-0.521681,0
2.57349,0.140776,-1.00107,-0.524779,0
2.59099,0.12584,-0.997782,-0.519672,0
2.60739,0.118213,-0.997552,-0.512707,0
2.62416,0.111675,-0.994767,-0.506737,0
2.64022,0.106071,-0.984617,-0.499032,0
2.65769,0.096093,-0.970743,-0.495016,0
2.67455,0.0901278,-0.953676,-0.488985,0
2.69133,0.0876022,-0.939047,-0.478642,0
2.70814,0.0880249,-0.929095,-0.467188,0
2.72496,0.0909746,-0.91539,-0.449609,0
2.74179,0.0909155,-0.903643,-0.431953,0
2.7586,0.08569,-0.896162,-0.411645,0
2.77541,0.0863858,-0.889749,-0.399413,0
2.7923,0.0895697,-0.884252,-0.391515,0
2.80917,0.0922988,-0.879541,-0.376984,0
2.82598,0.089463,-0.880677,-0.364528,0
