0,-0.0181122,-1.01428,-0.16301,0
0.00498658,-0.0232871,-1.00911,-0.16301,0
0.022528,-0.0303102,-1.00467,-0.160422,0
0.0394701,-0.03633,-1.00087,-0.155617,0
0.0562251,-0.0337274,-0.997611,-0.154086,0
0.0730322,-0.0289092,-0.997405,-0.15536,0
0.089856,-0.0221919,-0.997229,-0.156453,0
0.106655,-0.0216091,-0.991902,-0.152215,0
0.123457,-0.0211095,-0.992512,-0.15117,0
0.140272,-0.00774405,-0.990447,-0.150274,0
0.157083,0.00371206,-0.988677,-0.149506,0
0.173887,0.016119,-0.984573,-0.148847,0
0.190744,0.0267536,-0.978467,-0.148283,0
0.207528,0.0384564,-0.978409,-0.147799,0
0.224327,0.0536622,-0.975771,-0.14221,0
0.241141,0.0718708,-0.97351,-0.137419,0
0.258581,0.0978279,-0.97416,-0.128137,0
0.275096,0.122664,-0.979892,-0.125357,0
0.291751,0.151715,-0.98998,-0.128148,0
0.308169,0.186965,-0.998626,-0.122779,0
0.325283,0.222355,-1.01121,-0.115589,0
0.342107,0.252689,-1.01941,-0.114601,0
0.358906,0.278689,-1.02903,-0.116341,0
0.375716,0.290626,-1.02692,-0.117833,0
0.392548,0.28792,-1.01218,-0.116525,0
0.409337,0.283013,-0.996956,-0.117991,0
0.426148,0.278807,-0.994256,-0.116659,0
0.443011,0.254502,-0.989355,-0.123281,0
0.4599,0.189682,-0.982566,-0.141894,0
0.476803,0.118598,-0.976747,-0.16561,0
0.493492,0.0421441,-0.971759,-0.185938,0
0.510452,-0.0285628,-0.975247,-0.2163,0
0.527262,-0.0814064,-0.975648,-0.224211,0
0.544064,-0.121526,-0.97858,-0.230993,0
0.560923,-0.142977,-0.986268,-0.236806,0
0.577682,-0.166538,-0.985095,-0.231438,0
0.595137,-0.189321,-0.981502,-0.229425,0
0.611509,-0.211437,-0.97066,-0.225112,0
0.627949,-0.225219,-0.956192,-0.21624,0
0.64475,-0.226681,-0.938616,-0.203461,0
0.661762,-0.22276,-0.923551,-0.192507,0
0.679842,-0.211637,-0.908051,-0.180531,0
0.695363,-0.196928,-0.887002,-0.170266,0
0.712166,-0.189495,-0.858611,-0.161467,0
0.728918,-0.180536,-0.826513,-0.151337,0
0.745721,-0.17027,-0.793826,-0.142655,0
0.762616,-0.158883,-0.752871,-0.135213,0
0.779389,-0.15171,-0.712592,-0.139184,0
0.796207,-0.142975,-0.678067,-0.145175,0
0.813008,-0.130312,-0.645886,-0.145135,0
0.829847,-0.114284,-0.610541,-0.132164,0
0.84667,-0.0953699,-0.582832,-0.123633,0
0.863485,-0.0739832,-0.564257,-0.126671,0
0.880306,-0.0478895,-0.587147,-0.139625,0
0.897102,-0.0358732,-0.622292,-0.13779,0
0.91391,-0.0333359,-0.660178,-0.138806,0
0.931401,-0.0389235,-0.713352,-0.131914,0
0.947863,-0.0463002,-0.789979,-0.126006,0
0.964273,-0.0603856,-0.891883,-0.151992,0
0.981071,-0.0776336,-0.98958,-0.192378,0
0.997942,-0.0975925,-1.08108,-0.226994,0
1.01475,-0.112113,-1.1621,-0.264428,0
1.03158,-0.129734,-1.22637,-0.283576,0
1.04855,-0.147425,-1.27628,-0.302577,0
1.0652,-0.167763,-1.30354,-0.318863,0
1.08206,-0.187784,-1.31397,-0.33541,0
1.09882,-0.199769,-1.31773,-0.352181,0
1.11562,-0.210043,-1.31319,-0.361381,0
1.13245,-0.224023,-1.29636,-0.358916,0
1.14937,-0.246357,-1.26383,-0.354217,0
1.16606,-0.262912,-1.23077,-0.355364,0
1.18288,-0.26934,-1.2076,-0.358934,0
1.19969,-0.274849,-1.18516,-0.359407,0
1.21653,-0.276984,-1.16334,-0.354637,0
1.23346,-0.283989,-1.13946,-0.350549,0
1.25013,-0.305518,-1.10864,-0.349632,0
1.26753,-0.331734,-1.07446,-0.348846,0
1.28397,-0.351617,-1.04516,-0.345585,0
1.30033,-0.366073,-1.01746,-0.35314,0
1.31704,-0.375876,-0.985959,-0.35444,0
1.33407,-0.368753,-0.961544,-0.365905,0
1.35092,-0.352299,-0.948378,-0.373144,0
1.36769,-0.296795,-0.942268,-0.374175,0
1.3845,-0.238871,-0.931856,-0.367295,0
1.40132,-0.176285,-0.922932,-0.361399,0
1.41812,-0.112289,-0.91787,-0.356344,0
1.43491,-0.0367366,-0.918706,-0.346837,0
1.45176,0.0383728,-0.916835,-0.330926,0
1.4686,0.107927,-0.922993,-0.317288,0
1.4854,0.17272,-0.933447,-0.305598,0
1.50222,0.220494,-0.942408,-0.298165,0
1.51907,0.245919,-0.944913,-0.294382,0
1.53596,0.25995,-0.941886,-0.298902,0
1.55266,0.261626,-0.941878,-0.300188,0
1.56947,0.250125,-0.934109,-0.296116,0
1.58627,0.232505,-0.922276,-0.2978,0
1.60374,0.212227,-0.906957,-0.294069,0
1.62017,0.189672,-0.886065,-0.288284,0
1.63687,0.162576,-0.86557,-0.291087,0
1.65362,0.136763,-0.842828,-0.290903,0
1.67034,0.112051,-0.820747,-0.295919,0
1.68714,0.0856936,-0.801821,-0.300219,0
1.70393,0.0553394,-0.775249,-0.290968,0
1.72079,0.0344965,-0.752472,-0.293388,0
1.73753,0.0218061,-0.735537,-0.292874,0
1.75425,0.0109286,-0.718434,-0.292434,0
1.77026,-0.000982467,-0.703774,-0.302407,0
1.78783,-0.0111919,-0.688621,-0.310955,0
1.80477,-0.0173554,-0.67822,-0.331219,0
1.82167,-0.00452628,-0.679655,-0.346001,0
1.83856,0.0116451,-0.675709,-0.343147,0
1.85502,0.0280937,-0.674915,-0.3407,0
1.87313,0.0551297,-0.684584,-0.34119,0
1.88791,0.0886533,-0.698047,-0.35196,0
1.90466,0.117388,-0.714762,-0.366367,0
1.92253,0.144605,-0.731676,-0.376127,0
1.93999,0.180871,-0.761698,-0.389669,0
1.95644,0.219719,-0.795194,-0.411625,0
1.97298,0.258192,-0.831667,-0.43562,0
1.99003,0.293756,-0.870693,-0.461362,0
2.00662,0.326827,-0.914492,-0.488602,0
2.02342,0.352586,-0.952035,-0.530062,0
2.04026,0.372078,-0.986802,-0.575949,0
2.05706,0.38361,-1.01919,-0.610106,0
2.07387,0.38832,-1.04695,-0.644559,0
2.09073,0.382008,-1.07333,-0.681852,0
2.1075,0.371422,-1.09853,-0.713817,0
2.1243,0.357173,-1.12272,-0.738628,0
2.14112,0.334611,-1.14346,-0.76507,0
2.15792,0.307509,-1.16123,-0.790322,0
2.17489,0.281691,-1.17905,-0.811967,0
2.19164,0.251799,-1.19432,-0.833106,0
2.20843,0.221003,-1.21,-0.846051,0
2.22521,0.184256,-1.21309,-0.857147,0
2.24205,0.150171,-1.21315,-0.866658,0
2.25882,0.118369,-1.2132,-0.869635,0
2.2764,0.0833466,-1.21066,-0.867012,0
2.29261,0.0507403,-1.20072,-0.869938,0
2.30898,0.0176171,-1.18961,-0.872446,0
2.32584,-0.0185365,-1.1775,-0.879771,0
2.34271,-0.0624626,-1.15936,-0.883463,0
2.35952,-0.107876,-1.13605,-0.886626,0
2.37632,-0.151977,-1.10054,-0.876401,0
2.39313,-0.192365,-1.05717,-0.862461,0
2.40993,-0.216633,-1.01482,-0.834988,0
2.42674,-0.23226,-0.968166,-0.803678,0
2.44354,-0.237891,-0.915242,-0.758728,0
2.45982,-0.234956,-0.854355,-0.702087,0
2.47736,-0.227266,-0.789228,-0.653538,0
2.49401,-0.207737,-0.73858,-0.6171,0
2.51085,-0.172885,-0.69258,-0.572929,0
2.5277,-0.137837,-0.647977,-0.522132,0
2.54449,-0.102622,-0.609745,-0.476003,0
2.56133,-0.0594993,-0.595087,-0.433878,0
2.57816,-0.0251248,-0.582524,-0.395182,0
2.59495,-0.00859831,-0.579517,-0.364602,0
2.61241,0.000392382,-0.582115,-0.340978,0
2.62869,0.00809869,-0.599866,-0.333666,0
2.64515,0.00952919,-0.628019,-0.327399,0
2.66207,0.0133428,-0.667675,-0.329789,0
2.67893,0.0217865,-0.709428,-0.331838,0
2.69574,0.0264365,-0.752978,-0.333594,0
2.71258,0.0278348,-0.79807,-0.340275,0
2.72939,0.0342082,-0.849657,-0.358938,0
2.74619,0.044846,-0.899049,-0.374935,0
2.76301,0.0539642,-0.936211,-0.367947,0
2.77998,0.0384927,-0.952539,-0.341258,0
