0,0.0362244,-0.941833,0.0724487,0
0.0129655,0.0362244,-0.939246,0.0724487,0
0.0292114,0.0388118,-0.939616,0.0698613,0
0.0464293,0.0436171,-0.937345,0.0676435,0
0.0637693,0.0477359,-0.937986,0.0709174,0
0.0812374,0.0512663,-0.938536,0.0737236,0
0.0975079,0.0542924,-0.939007,0.0761289,0
0.113854,0.0568861,-0.941998,0.0781906,0
0.130485,0.0539344,-0.94715,0.0825453,0
0.147778,0.048817,-0.948978,0.0862778,0
0.164429,0.0444306,-0.953132,0.0868897,0
0.18127,0.0432583,-0.956693,0.0848267,0
0.198037,0.0422534,-0.959745,0.0830584,0
0.214848,0.0439796,-0.962361,0.0815427,0
0.231674,0.0454592,-0.964603,0.0828311,0
0.248457,0.0467273,-0.966526,0.0813479,0
0.265276,0.0478144,-0.968173,0.082664,0
0.282115,0.0513336,-0.969585,0.0837921,0
0.298876,0.0517626,-0.970796,0.0847591,0
0.315691,0.0547177,-0.971833,0.0855879,0
0.332642,0.0650131,-0.97531,0.0862984,0
0.349392,0.0712502,-0.975702,0.0843198,0
0.366203,0.0765964,-0.978626,0.082624,0
0.383032,0.0811788,-0.98372,0.0837578,0
0.39982,0.0902814,-0.990673,0.0821422,0
0.417262,0.0980837,-0.996634,0.0807575,0
0.433827,0.109946,-1.00174,0.0795705,0
0.450083,0.120114,-1.00612,0.0785531,0
0.467257,0.131417,-1.00729,0.077681,0
0.483854,0.143693,-1.00829,0.0769336,0
0.500675,0.14904,-1.01173,0.0788803,0
0.517476,0.148448,-1.01727,0.0779615,0
0.534288,0.147941,-1.01943,0.0797614,0
0.551091,0.150093,-1.02128,0.0813042,0
0.56791,0.146764,-1.02287,0.0852141,0
0.584716,0.14391,-1.02164,0.0885654,0
0.601569,0.141463,-1.02059,0.0888504,0
0.618345,0.136779,-1.01969,0.0890948,0
0.635148,0.132764,-1.01892,0.0893042,0
0.652027,0.129322,-1.01567,0.0868963,0
0.66877,0.123785,-1.01288,0.0900073,0
0.685569,0.111276,-1.00791,0.0926738,0
0.702396,0.100555,-1.00623,0.092372,0
0.71918,0.0913646,-1.00221,0.0895258,0
0.735993,0.075725,-0.996169,0.0896737,0
0.753467,0.0597323,-0.990994,0.0898004,0
0.769744,0.0460242,-0.983971,0.0899091,0
0.786109,0.026512,-0.980539,0.0874147,0
0.803036,0.00719986,-0.97501,0.0878642,0
0.819884,-0.0119409,-0.972858,0.085662,0
0.836696,-0.0309347,-0.971013,0.0837744,0
0.853553,-0.0472151,-0.969432,0.0847439,0
0.870369,-0.0637572,-0.965489,0.0881623,0
0.887176,-0.0779361,-0.96211,0.0910924,0
0.903981,-0.087502,-0.961801,0.093604,0
0.920836,-0.0957013,-0.961536,0.0931692,0
0.937704,-0.100142,-0.961309,0.0927966,0
0.954467,-0.106536,-0.963701,0.0898898,0
0.971303,-0.114603,-0.965752,0.0899857,0
0.988056,-0.121518,-0.964923,0.0926553,0
1.00488,-0.124858,-0.966799,0.0949436,0
1.02169,-0.125134,-0.968408,0.0943175,0
1.03851,-0.120195,-0.967199,0.0911934,0
1.05531,-0.113374,-0.966163,0.0859281,0
1.07216,-0.102352,-0.9601,0.0865899,0
1.08955,-0.095493,-0.95749,0.0845698,0
1.10585,-0.092201,-0.955253,0.0828382,0
1.12227,-0.0893792,-0.950749,0.081354,0
1.1391,-0.0895481,-0.946888,0.0826693,0
1.15599,-0.0845178,-0.940991,0.0812092,0
1.17282,-0.0724439,-0.935936,0.0773702,0
1.18962,-0.0646822,-0.931604,0.0740797,0
1.20643,-0.0606168,-0.92789,0.0712593,0
1.22321,-0.0571322,-0.919532,0.0740166,0
1.24002,-0.046383,-0.912368,0.0737926,0
1.25682,-0.0345819,-0.90364,0.0761881,0
1.27363,-0.0218793,-0.898747,0.0730665,0
1.29043,-0.0135788,-0.899727,0.0729782,0
1.30725,-0.00905148,-0.900567,0.0729026,0
1.32405,-0.0129333,-0.901288,0.0702503,0
1.34096,-0.0188481,-0.901905,0.062802,0
1.35777,-0.0213304,-0.902434,0.0564177,0
1.37459,-0.0208707,-0.902888,0.0561204,0
1.39143,-0.0023644,-0.903277,0.058453,0
1.40823,0.00314828,-0.906197,0.057865,0
1.42569,-0.00247638,-0.911288,0.0470111,0
1.44217,-0.00729752,-0.915652,0.0377078,0
1.45847,-0.00108011,-0.919392,0.0374958,0
1.47532,0.00166164,-0.93036,0.0399017,0
1.49225,-0.00375064,-0.942349,0.0445512,0
1.509,-0.00580229,-0.955213,0.0433617,0
1.52579,0.00537643,-0.971414,0.0345797,0
1.54265,0.00978327,-0.990475,0.0244648,0
1.55942,0.00321075,-1.01716,0.0235573,0
1.57623,0.00533953,-1.04521,0.0227794,0
1.59312,0.0123391,-1.06667,0.0221127,0
1.60985,0.0157513,-1.08765,0.00860392,0
1.62667,0.0109136,-1.10563,-0.00556249,0
1.64356,0.011942,-1.12104,-0.0177051,0
1.66039,0.0179984,-1.13425,-0.0281131,0
1.67728,0.025777,-1.14299,-0.0396217,0
1.69406,0.0298569,-1.14789,-0.0468987,0
1.7108,0.0307666,-1.15209,-0.0583111,0
1.72761,0.0315462,-1.15569,-0.0680931,0
1.74457,0.0244522,-1.15619,-0.0790651,0
1.76201,0.0235465,-1.15144,-0.0858823,0
1.77823,0.0175952,-1.14996,-0.094313,0
1.79468,0.0202565,-1.1461,-0.0989519,0
1.81143,0.0147753,-1.14021,-0.100341,0
1.82838,0.0100771,-1.13516,-0.101531,0
1.8452,0.00605005,-1.13341,-0.0999639,0
1.86213,1.08438e-05,-1.13192,-0.0960331,0
1.87886,-0.0155154,-1.13064,-0.0952514,0
1.89569,-0.0288237,-1.12954,-0.0945813,0
1.91258,-0.0298809,-1.12601,-0.0888321,0
1.92934,-0.0307871,-1.12299,-0.0839041,0
1.94618,-0.0315639,-1.1204,-0.0770927,0
1.96296,-0.0348171,-1.11817,-0.0738419,0
1.97974,-0.0376056,-1.11368,-0.0710554,0
1.99667,-0.0374083,-1.10724,-0.068667,0
2.01335,-0.0398266,-1.09914,-0.0640323,0
2.03011,-0.0418995,-1.09219,-0.0574723,0
2.04692,-0.0436762,-1.08365,-0.0570243,0
2.06373,-0.0426116,-1.07633,-0.0592278,0
2.08054,-0.0391117,-1.06488,-0.0533542,0
2.098,-0.0361118,-1.05247,-0.0483196,0
2.11431,-0.0387153,-1.03926,-0.0414168,0
2.13074,-0.0409469,-1.02275,-0.0277377,0
2.14764,-0.0428597,-1.0086,-0.0160128,0
2.16446,-0.0393244,-0.996477,-0.00855039,0
2.18128,-0.0362941,-0.983496,-0.00215399,0
2.19806,-0.0336966,-0.969782,0.000741176,0
2.21486,-0.0340577,-0.958027,0.0058102,0
2.23177,-0.0317798,-0.947951,0.0101551,0
2.24849,-0.0246524,-0.936727,0.0164667,0
2.26531,-0.0159557,-0.92452,0.0244642,0
2.28215,-0.00850141,-0.916643,0.0287316,0
2.29895,-0.00469947,-0.904717,0.0349769,0
2.31574,0.00373425,-0.894495,0.04033,0
2.3326,0.0161381,-0.883145,0.0526808,0
2.34936,0.0267699,-0.873417,0.0632672,0
2.36616,0.0384704,-0.859904,0.0697537,0
2.38298,0.0536742,-0.845733,0.0753136,0
2.39978,0.0692936,-0.833587,0.0774918,0
2.41659,0.0826816,-0.823177,0.0793588,0
2.4339,0.0967445,-0.814253,0.0835466,0
2.45072,0.106211,-0.811779,0.0871361,0
2.4668,0.114325,-0.809659,0.0902128,0
2.48402,0.12128,-0.807841,0.0902625,0
2.50073,0.132416,-0.811458,0.0903052,0
2.51755,0.141962,-0.817146,0.0877542,0
2.53434,0.152731,-0.824609,0.0803928,0
2.5512,0.164549,-0.831005,0.074083,0
2.56798,0.174679,-0.839076,0.0609123,0
2.58479,0.185949,-0.843405,0.0496231,0
2.60162,0.200784,-0.841942,0.0373592,0
2.6184,0.221262,-0.845862,0.0320221,0
2.63521,0.231053,-0.85181,0.0248601,0
2.6521,0.231682,-0.862083,0.0109588,0
2.66883,0.232222,-0.870889,-0.000956532,0
2.68563,0.235271,-0.878436,-0.0111697,0
2.70247,0.248235,-0.887493,-0.0121615,0
2.71926,0.26711,-0.903018,-0.015599,0
2.73606,0.275525,-0.9215,-0.0288953,0
2.75288,0.267214,-0.937342,-0.0428796,0
2.77031,0.262678,-0.948334,-0.0548661,0
2.78662,0.271726,-0.965517,-0.0625528,0
2.80292,0.28207,-0.982834,-0.0743164,0
2.82007,0.283174,-1.00544,-0.0895743,0
2.83682,0.276357,-1.03516,-0.10524,0
2.85362,0.260165,-1.07099,-0.123843,0
2.87044,0.243698,-1.10429,-0.134613,0
2.88723,0.232171,-1.13024,-0.143844,0
2.90405,0.224878,-1.15249,-0.151757,0
2.9209,0.21604,-1.17156,-0.163715,0
2.93713,0.205877,-1.18531,-0.173964,0
2.95449,0.186816,-1.19452,-0.180161,0
2.97133,0.16789,-1.19982,-0.188061,0
2.98808,0.151668,-1.20178,-0.192244,0
3.00489,0.137764,-1.19828,-0.19583,0
3.02169,0.115496,-1.19528,-0.196317,0
3.0385,0.0912339,-1.19271,-0.194146,0
3.05544,0.0678506,-1.19051,-0.189698,0
3.07218,0.042633,-1.18862,-0.185885,0
3.08896,0.0184303,-1.187,-0.185205,0
3.10642,0.000272713,-1.17785,-0.184621,0
3.12277,-0.0127035,-1.17001,-0.184122,0
3.13908,-0.0212385,-1.15294,-0.181106,0
3.15594,-0.0363167,-1.13572,-0.183695,0
3.17284,-0.0492407,-1.11319,-0.18074,0
3.18964,-0.0551436,-1.0913,-0.178207,0
3.20645,-0.0602032,-1.06995,-0.173449,0
3.22321,-0.06454,-1.04388,-0.16937,0
3.24002,-0.0682573,-1.01637,-0.165874,0
3.25681,-0.0714435,-0.990196,-0.162877,0
3.27363,-0.0715871,-0.965175,-0.160309,0
3.29044,-0.0691228,-0.941141,-0.152932,0
3.30725,-0.064423,-0.923128,-0.149197,0
3.32405,-0.0578072,-0.907688,-0.15117,0
3.34085,-0.0547239,-0.897041,-0.155449,0
3.35776,-0.0469062,-0.895677,-0.153942,0
3.3747,-0.0350304,-0.894509,-0.126775,0
