0,0.0724487,-0.99617,0.0724487,0
0.0154409,0.0698613,-0.998757,0.0724487,0
0.0328276,0.0702309,-1.00356,0.0724487,0
0.0496299,0.0705477,-1.00509,0.0698613,0
0.0663861,0.0734068,-1.00899,0.0624685,0
0.0831647,0.0784448,-1.00975,0.0561319,0
0.100079,0.0853506,-1.0104,0.0481131,0
0.116829,0.0938573,-1.01095,0.0360649,0
0.133716,0.106324,-1.00884,0.0257378,0
0.150464,0.122184,-1.00186,0.0168861,0
0.167264,0.138366,-0.995868,0.00671143,0
0.184752,0.157411,-0.985562,0.000577746,0
0.201184,0.171148,-0.976727,-0.00209224,0
0.218131,0.18551,-0.966568,-0.00438081,0
0.234038,0.195233,-0.955272,0.00141993,0
0.251596,0.20098,-0.94559,0.00897945,0
0.268419,0.203318,-0.934703,0.0128716,0
0.2846,0.202734,-0.925372,0.0162077,0
0.301943,0.197059,-0.917374,0.0164798,0
0.318752,0.192195,-0.905343,0.0115381,0
0.335515,0.188026,-0.892444,0.00730231,0
0.3524,0.179277,-0.8788,0.00884658,0
0.369151,0.164016,-0.867105,0.0153451,0
0.385935,0.148347,-0.857081,0.0209153,0
0.402758,0.124568,-0.848489,0.0334522,0
0.419585,0.0912474,-0.841124,0.044198,0
0.436395,0.054925,-0.834812,0.0508213,0
0.453424,0.0186166,-0.831988,0.0539109,0
0.469946,-0.0176799,-0.826981,0.0617341,0
0.486892,-0.053966,-0.825276,0.0658522,0
0.503666,-0.0850684,-0.826402,0.069382,0
0.521236,-0.114315,-0.827368,0.074995,0
0.53755,-0.147146,-0.830783,0.0772187,0
0.553852,-0.180462,-0.83371,0.0765373,0
0.570789,-0.211605,-0.838806,0.0785407,0
0.587602,-0.2383,-0.840587,0.0802579,0
0.604483,-0.258594,-0.844701,0.0739674,0
0.621275,-0.278576,-0.848227,0.0582257,0
0.638076,-0.295703,-0.853837,0.0473203,0
0.65488,-0.307796,-0.861233,0.0457351,0
0.671689,-0.318162,-0.87016,0.0469639,0
0.688547,-0.327047,-0.877812,0.0376673,0
0.705317,-0.332075,-0.881783,0.0271114,0
0.722122,-0.34156,-0.887774,0.0128885,0
0.738937,-0.347102,-0.892909,0.00328492,0
0.755746,-0.349265,-0.894724,-0.00494672,0
0.772554,-0.351119,-0.896279,-0.0120024,0
0.789377,-0.352708,-0.897612,-0.0180501,0
0.806145,-0.361833,-0.898754,-0.0258214,0
0.822991,-0.372241,-0.904908,-0.0428322,0
0.839834,-0.386338,-0.912771,-0.057413,0
0.85728,-0.398421,-0.922098,-0.0724982,0
0.873609,-0.408777,-0.932679,-0.0880159,0
0.889998,-0.415067,-0.939162,-0.103904,0
0.906667,-0.41787,-0.942131,-0.12011,0
0.923696,-0.422861,-0.949851,-0.139176,0
0.940434,-0.432314,-0.959055,-0.160693,0
0.957247,-0.437828,-0.966945,-0.179136,0
0.974045,-0.442555,-0.97112,-0.197532,0
0.990872,-0.444019,-0.974699,-0.218475,0
1.00767,-0.442687,-0.977766,-0.239013,0
1.02449,-0.441545,-0.982983,-0.259205,0
1.0413,-0.440566,-0.987454,-0.276512,0
1.0581,-0.442314,-0.993874,-0.293934,0
1.07491,-0.443813,-1.00196,-0.314043,0
1.09182,-0.44251,-1.0089,-0.331278,0
1.10877,-0.438806,-1.01484,-0.348639,0
1.12551,-0.433043,-1.01994,-0.36352,0
1.1423,-0.425516,-1.02689,-0.378862,0
1.15913,-0.419065,-1.02768,-0.392013,0
1.17592,-0.405773,-1.03353,-0.40846,0
1.19343,-0.386617,-1.03595,-0.425145,0
1.21007,-0.365023,-1.03544,-0.439446,0
1.22616,-0.338751,-1.03501,-0.454292,0
1.24271,-0.313645,-1.03722,-0.467016,0
1.25988,-0.294713,-1.04171,-0.475336,0
1.27666,-0.278486,-1.04814,-0.485054,0
1.29348,-0.259402,-1.05365,-0.495972,0
1.3103,-0.240457,-1.05838,-0.507917,0
1.3271,-0.219043,-1.06502,-0.515569,0
1.3439,-0.200688,-1.07071,-0.524715,0
1.36077,-0.182368,-1.07558,-0.532554,0
1.37759,-0.164078,-1.07718,-0.536686,0
1.39449,-0.143226,-1.07854,-0.532465,0
1.4113,-0.125353,-1.07454,-0.528848,0
1.42804,-0.10227,-1.06852,-0.523159,0
1.44487,-0.0824852,-1.06336,-0.515696,0
1.46167,-0.0655267,-1.05893,-0.504124,0
1.47852,-0.0458159,-1.05255,-0.494205,0
1.49528,-0.028921,-1.04191,-0.483116,0
1.51208,-0.00926467,-1.03538,-0.471023,0
1.5296,0.00758358,-1.02978,-0.458071,0
1.54591,0.0220249,-1.02498,-0.444381,0
1.56223,0.0369907,-1.01827,-0.43006,0
1.57914,0.0549934,-1.00735,-0.417784,0
1.5954,0.0704243,-1.00058,-0.40985,0
1.61287,0.0836508,-0.992188,-0.400462,0
1.62959,0.0872254,-0.990169,-0.389827,0
1.64637,0.0902894,-0.985852,-0.375537,0
1.66322,0.0929156,-0.984738,-0.363288,0
1.68003,0.0977541,-0.981196,-0.347614,0
1.69682,0.104489,-0.978161,-0.334179,0
1.71363,0.110262,-0.975558,-0.320076,0
1.73042,0.112622,-0.970741,-0.307988,0
1.74723,0.114645,-0.966611,-0.300214,0
1.76375,0.113792,-0.960484,-0.288376,0
1.78079,0.113061,-0.955232,-0.278229,0
1.79759,0.109847,-0.950731,-0.264356,0
1.8144,0.107092,-0.946872,-0.249878,0
1.83121,0.107317,-0.93839,-0.234881,0
1.84801,0.107511,-0.928532,-0.219439,0
1.86552,0.110265,-0.917495,-0.201028,0
1.88194,0.110037,-0.908035,-0.182659,0
1.89828,0.109842,-0.899926,-0.164327,0
1.9149,0.107088,-0.890388,-0.148614,0
1.93198,0.102139,-0.882213,-0.135146,0
1.94881,0.0978979,-0.875205,-0.118427,0
1.9656,0.0942623,-0.866611,-0.096334,0
1.98241,0.0885586,-0.859245,-0.0748096,0
1.99928,0.0784948,-0.855519,-0.0537727,0
2.01603,0.0621064,-0.852325,-0.0357411,0
2.03285,0.0480591,-0.849587,-0.0176979,0
2.04966,0.0334312,-0.842065,-0.00481983,0
2.06647,0.0183055,-0.835618,0.00880599,0
2.08328,0.00275313,-0.835267,0.0230727,0
2.10017,-0.0105774,-0.834966,0.0353013,0
2.11703,-0.0220037,-0.832121,0.0509579,0
2.13384,-0.034385,-0.829682,0.0669653,0
2.15077,-0.0424101,-0.830179,0.075511,0
2.16758,-0.0492888,-0.830605,0.0828359,0
2.18439,-0.0577723,-0.83097,0.0839395,0
2.20191,-0.0676313,-0.831283,0.0848854,0
2.21823,-0.0760819,-0.831551,0.0882837,0
2.23448,-0.0885001,-0.834368,0.088609,0
2.25118,-0.104319,-0.839371,0.0914753,0
2.26829,-0.123053,-0.846246,0.0887572,0
2.28511,-0.141699,-0.854726,0.0890149,0
2.30191,-0.160268,-0.86717,0.0866483,0
2.31876,-0.178772,-0.877836,0.0820323,0
2.33553,-0.194632,-0.892154,0.0754883,0
2.35234,-0.205639,-0.904426,0.0672917,0
2.36921,-0.212487,-0.917532,0.0550912,0
2.38597,-0.215768,-0.926179,0.0446336,0
2.40278,-0.221169,-0.936177,0.0330824,0
2.41962,-0.225798,-0.947335,0.0231815,0
2.4364,-0.23494,-0.962074,0.0172824,0
2.45323,-0.237602,-0.977295,0.00963854,0
2.47006,-0.24247,-0.992928,0.000499244,0
2.48685,-0.246643,-1.00633,-0.00733444,0
2.50366,-0.252808,-1.0204,-0.014049,0
2.5205,-0.255504,-1.02988,-0.0198044,0
2.538,-0.257816,-1.038,-0.0247376,0
2.55431,-0.259797,-1.04755,-0.0315534,0
2.57068,-0.261495,-1.05573,-0.0399831,0
2.58751,-0.260363,-1.06016,-0.0472085,0
2.60442,-0.259392,-1.06137,-0.0534017,0
2.62122,-0.258561,-1.05982,-0.0612976,0
2.63803,-0.25526,-1.05849,-0.0680655,0
2.65484,-0.249844,-1.05476,-0.0738666,0
2.67172,-0.245201,-1.05157,-0.0762515,0
2.68853,-0.238635,-1.04624,-0.0808832,0
2.70528,-0.233006,-1.03909,-0.0874406,0
2.72211,-0.225594,-1.03296,-0.0930613,0
2.7391,-0.219241,-1.02511,-0.0952915,0
2.75596,-0.20862,-1.01839,-0.0946157,0
2.77621,-0.199517,-1.01263,-0.091449,0
2.80532,-0.191714,-1.0051,-0.0913221,0
2.82198,-0.185026,-0.998652,-0.0938009,0
