0,0.0362244,-0.923721,-0.126785,0
0.0164681,0.0413993,-0.923721,-0.124198,0
0.0334524,0.0484224,-0.921134,-0.127155,0
0.0508291,0.0518547,-0.921503,-0.127102,0
0.0677927,0.0522093,-0.92182,-0.124469,0
0.0856781,0.0499257,-0.922092,-0.1248,0
0.101542,0.0531433,-0.9275,-0.130259,0
0.118845,0.066251,-0.939897,-0.1427,0
0.135246,0.0904235,-0.958286,-0.153364,0
0.151635,0.11373,-0.98181,-0.162504,0
0.16825,0.136295,-1.01491,-0.183276,0
0.185375,0.168573,-1.04846,-0.20108,0
0.202181,0.219528,-1.0798,-0.216341,0
0.219016,0.268378,-1.10408,-0.237184,0
0.23581,0.305074,-1.11712,-0.267987,0
0.252623,0.323591,-1.11796,-0.302152,0
0.26946,0.336875,-1.10315,-0.321086,0
0.286353,0.348262,-1.0801,-0.326966,0
0.303082,0.350259,-1.03965,-0.316481,0
0.319887,0.349384,-0.981689,-0.297144,0
0.336704,0.330521,-0.916484,-0.280569,0
0.353512,0.304004,-0.858006,-0.271537,0
0.370431,0.268337,-0.794945,-0.250859,0
0.387404,0.217066,-0.738306,-0.225371,0
0.404062,0.149832,-0.68717,-0.188001,0
0.420858,0.0818532,-0.64334,-0.150794,0
0.437709,0.00547352,-0.608358,-0.116314,0
0.455118,-0.0599948,-0.575786,-0.0867608,0
0.47153,-0.11611,-0.55563,-0.0795413,0
0.487924,-0.177147,-0.548703,-0.0811155,0
0.504668,-0.242401,-0.560878,-0.0850523,0
0.521807,-0.308683,-0.589425,-0.0806643,0
0.538605,-0.375846,-0.624245,-0.0717283,0
0.555415,-0.448939,-0.672202,-0.0640689,0
0.572232,-0.52194,-0.728833,-0.0575036,0
0.58907,-0.581925,-0.785136,-0.0622261,0
0.605852,-0.630753,-0.835983,-0.0688614,0
0.622628,-0.657081,-0.884742,-0.087486,0
0.63942,-0.674473,-0.926535,-0.1138,0
0.656284,-0.694555,-0.952007,-0.126005,0
0.6731,-0.714356,-0.971254,-0.136466,0
0.690004,-0.715803,-0.979988,-0.145433,0
0.706836,-0.704106,-0.979712,-0.168644,0
0.723515,-0.681143,-0.976888,-0.198888,0
0.74031,-0.653698,-0.969293,-0.222225,0
0.75717,-0.622412,-0.955021,-0.242227,0
0.773953,-0.587832,-0.935024,-0.26196,0
0.791512,-0.545256,-0.917885,-0.286636,0
0.807725,-0.503586,-0.898019,-0.310374,0
0.824061,-0.441995,-0.873229,-0.333309,0
0.841004,-0.358153,-0.844218,-0.371079,0
0.857904,-0.273352,-0.819351,-0.411216,0
0.874628,-0.200665,-0.805799,-0.450795,0
0.891521,-0.125424,-0.804533,-0.479544,0
0.908004,-0.04282,-0.806035,-0.509361,0
0.925165,0.0409208,-0.80991,-0.542681,0
0.942028,0.120461,-0.810644,-0.57124,0
0.95869,0.198988,-0.824211,-0.60607,0
0.975495,0.250772,-0.861713,-0.633337,0
0.992388,0.279634,-0.911971,-0.643771,0
1.00913,0.268148,-0.965399,-0.647539,0
1.02592,0.242779,-1.03707,-0.65077,0
1.04286,0.215858,-1.10626,-0.645776,0
1.05958,0.182434,-1.17333,-0.644083,0
1.07655,0.125323,-1.23859,-0.642632,0
1.09332,0.0608452,-1.30487,-0.631039,0
1.11126,-0.00218355,-1.35391,-0.615926,0
1.12749,-0.0536207,-1.39337,-0.608148,0
1.14385,-0.10806,-1.41942,-0.617006,0
1.16015,-0.178008,-1.42623,-0.627185,0
1.17707,-0.256077,-1.42689,-0.617798,0
1.19397,-0.330755,-1.4197,-0.604578,0
1.2107,-0.41029,-1.40059,-0.572546,0
1.22758,-0.486224,-1.36869,-0.54509,0
1.24443,-0.553899,-1.32583,-0.524144,0
1.26113,-0.622255,-1.28132,-0.50619,0
1.27799,-0.691196,-1.23541,-0.488214,0
1.29469,-0.729589,-1.17795,-0.457281,0
1.31202,-0.736623,-1.11058,-0.41783,0
1.32832,-0.740064,-1.04507,-0.386602,0
1.3452,-0.740426,-0.991512,-0.370185,0
1.36201,-0.712275,-0.948191,-0.353526,0
1.37875,-0.66227,-0.923996,-0.344421,0
1.39558,-0.606472,-0.911019,-0.341792,0
1.41238,-0.527596,-0.915421,-0.349889,0
1.42918,-0.423763,-0.937307,-0.364591,0
1.44599,-0.324413,-0.98194,-0.403068,0
1.46344,-0.221145,-1.03055,-0.448985,0
1.47986,-0.127454,-1.08256,-0.498692,0
1.49614,-0.0393847,-1.11938,-0.543886,0
1.51301,0.0412779,-1.14577,-0.582623,0
1.53006,0.115592,-1.14509,-0.610652,0
1.54686,0.16894,-1.12899,-0.626914,0
1.56365,0.21208,-1.09449,-0.622741,0
1.58045,0.254231,-1.05457,-0.606227,0
1.59727,0.290361,-0.997069,-0.56361,0
1.61408,0.305805,-0.932254,-0.521906,0
1.63087,0.31128,-0.874111,-0.488747,0
1.6478,0.318561,-0.813924,-0.449976,0
1.66448,0.317039,-0.757161,-0.403805,0
1.6813,0.318322,-0.708507,-0.377168,0
1.69813,0.298722,-0.664215,-0.372449,0
1.71491,0.268985,-0.626251,-0.373578,0
1.73172,0.217621,-0.593711,-0.346085,0
1.74857,0.145133,-0.576169,-0.283707,0
1.76539,0.0519509,-0.579245,-0.214715,0
1.78222,-0.048619,-0.592232,-0.163342,0
1.79965,-0.160696,-0.629237,-0.129658,0
1.81593,-0.254175,-0.681656,-0.0981978,0
1.83223,-0.318775,-0.747287,-0.0815821,0
1.84928,-0.368972,-0.808716,-0.0725149,0
1.86607,-0.40941,-0.863957,-0.0750929,0
1.88414,-0.418197,-0.906132,-0.0773026,0
