0,0.126785,-0.941833,-0.126785,0
0.0166903,0.129373,-0.947008,-0.124198,0
0.0332793,0.139353,-0.956619,-0.124567,0
0.0514229,0.150495,-0.967444,-0.124884,0
0.0677896,0.160045,-0.974135,-0.127743,0
0.0844588,0.168231,-0.977283,-0.127606,0
0.10061,0.175247,-0.979981,-0.127489,0
0.118066,0.181261,-0.979706,-0.129976,0
0.134867,0.186416,-0.976883,-0.134695,0
0.151674,0.190835,-0.974464,-0.136153,0
0.168619,0.192035,-0.967215,-0.137402,0
0.185469,0.187888,-0.958414,-0.133298,0
0.202255,0.179159,-0.945696,-0.127192,0
0.219073,0.174265,-0.934794,-0.127134,0
0.235887,0.170069,-0.930625,-0.132259,0
0.252752,0.169061,-0.929639,-0.136652,0
0.269499,0.170784,-0.926206,-0.135243,0
0.286345,0.167086,-0.920676,-0.12886,0
0.303246,0.161329,-0.913349,-0.128563,0
0.320059,0.153806,-0.904481,-0.130897,0
0.336914,0.147359,-0.899467,-0.138072,0
0.353758,0.14442,-0.897757,-0.141634,0
0.370482,0.139313,-0.891116,-0.139513,0
0.387945,0.132348,-0.885424,-0.137695,0
0.404308,0.118616,-0.875371,-0.138724,0
0.420656,0.106846,-0.866753,-0.142193,0
0.437257,0.0941699,-0.861954,-0.150342,0
0.454466,0.0781296,-0.860428,-0.154739,0
0.471216,0.0617933,-0.856533,-0.158508,0
0.488109,0.0426159,-0.853194,-0.172088,0
0.504876,0.0184157,-0.850332,-0.191491,0
0.52169,-0.00232729,-0.850466,-0.205534,0
0.538642,-0.020107,-0.855756,-0.202047,0
0.555468,-0.0301718,-0.862878,-0.199058,0
0.572273,-0.0439738,-0.866395,-0.209433,0
0.589088,-0.0609789,-0.864235,-0.220913,0
0.605892,-0.0910794,-0.862383,-0.235928,0
0.622693,-0.11688,-0.865971,-0.238448,0
0.639504,-0.128645,-0.876808,-0.240609,0
0.656343,-0.133554,-0.888685,-0.247635,0
0.673113,-0.135175,-0.90404,-0.264008,0
0.689923,-0.139151,-0.914614,-0.275454,0
0.706729,-0.152909,-0.915915,-0.282678,0
0.724211,-0.169877,-0.914443,-0.288869,0
0.740494,-0.181833,-0.920943,-0.307114,0
0.756887,-0.179144,-0.94204,-0.320164,0
0.773783,-0.171664,-0.957535,-0.323588,0
0.790608,-0.162665,-0.970817,-0.326523,0
0.807456,-0.162715,-0.982201,-0.334213,0
0.824248,-0.167932,-0.997134,-0.35633,0
0.84106,-0.169816,-1.01252,-0.377874,0
0.857883,-0.166256,-1.02571,-0.388579,0
0.874685,-0.155443,-1.04219,-0.395166,0
0.891484,-0.146174,-1.06149,-0.411163,0
0.908268,-0.135642,-1.07545,-0.424874,0
0.92509,-0.118852,-1.09258,-0.444389,0
0.941889,-0.0941105,-1.10468,-0.461116,0
0.958692,-0.0729038,-1.11506,-0.467691,0
0.97567,-0.0547266,-1.12136,-0.475914,0
0.992553,-0.0339713,-1.12676,-0.48555,0
1.00943,-0.0135935,-1.13398,-0.493809,0
1.02631,0.014223,-1.14276,-0.500889,0
1.04296,0.0432406,-1.1451,-0.506957,0
1.06041,0.0655254,-1.14194,-0.506983,0
1.07674,0.0820391,-1.13664,-0.507006,0
1.09345,0.0961938,-1.12692,-0.507025,0
1.10989,0.110914,-1.11859,-0.507042,0
1.12688,0.133881,-1.11663,-0.501881,0
1.14367,0.156154,-1.11494,-0.49487,0
1.16048,0.175246,-1.11091,-0.488861,0
1.1773,0.189022,-1.0997,-0.486297,0
1.19412,0.198244,-1.08232,-0.476338,0
1.21092,0.200973,-1.06225,-0.462626,0
1.22777,0.203312,-1.04764,-0.450873,0
1.24455,0.202729,-1.03252,-0.443387,0
1.26137,0.197055,-1.0118,-0.43697,0
1.27822,0.187016,-0.991458,-0.431469,0
1.29502,0.175825,-0.979194,-0.426755,0
1.31189,0.168819,-0.966094,-0.420127,0
1.32869,0.157639,-0.952279,-0.40927,0
1.34551,0.145469,-0.937849,-0.405139,0
1.3623,0.135038,-0.928068,-0.401599,0
1.37911,0.123509,-0.92486,-0.398564,0
1.39659,0.113627,-0.92211,-0.390788,0
1.41287,0.10257,-0.917165,-0.378948,0
1.42927,0.0905043,-0.907752,-0.368799,0
1.44618,0.0853374,-0.904858,-0.367863,0
1.4631,0.0860837,-0.907553,-0.359298,0
1.47996,0.0918982,-0.91245,-0.351956,0
1.49667,0.096882,-0.911473,-0.343076,0
1.51366,0.0933916,-0.90546,-0.332877,0
1.53038,0.0878123,-0.895132,-0.316373,0
1.54743,0.08303,-0.886279,-0.304813,0
1.56418,0.0866933,-0.883865,-0.294906,0
1.58062,0.0950082,-0.886972,-0.278651,0
1.59765,0.0943729,-0.884459,-0.269893,0
1.61384,0.0860659,-0.879718,-0.259799,0
1.63062,0.0789457,-0.873067,-0.253734,0
1.64837,0.0754301,-0.875129,-0.251123,0
1.66479,0.0801791,-0.879483,-0.246298,0
1.68152,0.0842497,-0.883215,-0.239575,0
1.69829,0.0799764,-0.886414,-0.236399,0
1.71512,0.0685512,-0.886569,-0.24144,0
1.73255,0.0561707,-0.886702,-0.237998,0
1.74912,0.0507338,-0.889403,-0.23246,0
1.76546,0.0512485,-0.894305,-0.227713,0
1.7824,0.0491022,-0.898508,-0.231407,0
1.7992,0.0395001,-0.896935,-0.234574,0
1.81601,0.0312698,-0.892999,-0.239875,0
1.8328,0.0242152,-0.887038,-0.244419,0
1.84962,0.0259308,-0.879341,-0.245726,0
1.86647,0.0248139,-0.864982,-0.246847,0
1.88325,0.021269,-0.852673,-0.250395,0
1.90006,0.0156431,-0.836949,-0.258611,0
1.91688,0.00823349,-0.815708,-0.268241,0
1.93368,0.00446983,-0.794914,-0.273907,0
1.95048,0.00641873,-0.784853,-0.271002,0
1.96731,0.0132641,-0.776229,-0.260749,0
1.98425,0.0217191,-0.768838,-0.257136,0
2.00112,0.0289662,-0.765089,-0.259214,0
2.01792,0.0377654,-0.764464,-0.268758,0
2.03487,0.05307,-0.776865,-0.274351,0
2.05151,0.076538,-0.795257,-0.271382,0
2.06893,0.104416,-0.818784,-0.26625,0
2.08521,0.136073,-0.841537,-0.269614,0
2.10164,0.160621,-0.853278,-0.282847,0
2.11865,0.184249,-0.868516,-0.299364,0
2.1354,0.209677,-0.87899,-0.313522,0
2.15222,0.239235,-0.893143,-0.330832,0
2.16906,0.269745,-0.907861,-0.350844,0
2.18589,0.295896,-0.915302,-0.362822,0
2.20268,0.318312,-0.924267,-0.370502,0
2.21948,0.33235,-0.931951,-0.379672,0
2.23634,0.341795,-0.930775,-0.392707,0
2.25311,0.349892,-0.932355,-0.409055,0
2.26992,0.356831,-0.936297,-0.42048,0
2.28674,0.375716,-0.952612,-0.419923,0
2.30354,0.397079,-0.976947,-0.419445,0
2.32042,0.412802,-0.995218,-0.431973,0
2.33733,0.415929,-1.01088,-0.447886,0
2.35403,0.416022,-1.02689,-0.461526,0
2.37085,0.416102,-1.04061,-0.48098,0
2.38771,0.418758,-1.05496,-0.500242,0
2.40518,0.410684,-1.06209,-0.514165,0
2.42141,0.393414,-1.06561,-0.523511,0
2.43787,0.373437,-1.07121,-0.528935,0
2.45477,0.353725,-1.07861,-0.538759,0
2.47159,0.331655,-1.08494,-0.554942,0
2.48783,0.307563,-1.0852,-0.5714,0
2.50521,0.284325,-1.08024,-0.577745,0
2.522,0.264407,-1.07082,-0.580596,0
2.53884,0.239572,-1.05757,-0.577865,0
2.55562,0.215697,-1.03845,-0.572936,0
2.57243,0.195233,-1.01688,-0.566124,0
2.58923,0.172517,-0.993224,-0.560286,0
2.60613,0.145285,-0.965183,-0.560456,0
2.62285,0.121942,-0.935972,-0.555427,0
2.63966,0.101934,-0.90576,-0.545942,0
2.6567,0.0873724,-0.882452,-0.535224,0
2.67344,0.0852405,-0.86506,-0.526037,0
2.69024,0.088588,-0.857916,-0.512988,0
2.70708,0.0888698,-0.854379,-0.491453,0
2.72476,0.0916989,-0.851348,-0.470407,0
