0,0.344131,-1.17729,-0.199234,0
0.0159194,0.351894,-1.17988,-0.194059,0
0.0335865,0.36631,-1.17951,-0.189623,0
0.0504721,0.383841,-1.17143,-0.185821,0
0.0671586,0.398868,-1.15674,-0.18515,0
0.0840464,0.411748,-1.14157,-0.184575,0
0.100792,0.417613,-1.11303,-0.181494,0
0.117582,0.412291,-1.07305,-0.176266,0
0.134395,0.394791,-1.01808,-0.164022,0
0.151291,0.377204,-0.96579,-0.153528,0
0.167992,0.346605,-0.905443,-0.149707,0
0.184902,0.291915,-0.845956,-0.141258,0
0.201648,0.229513,-0.789791,-0.131428,0
0.218449,0.170851,-0.739063,-0.123002,0
0.235288,0.117982,-0.703344,-0.118368,0
0.252368,0.0623155,-0.67014,-0.148032,0
0.269182,0.00166422,-0.63133,-0.188984,0
0.286928,-0.058085,-0.600651,-0.213735,0
0.303257,-0.124823,-0.571768,-0.216839,0
0.319957,-0.187203,-0.562535,-0.216911,0
0.33548,-0.24067,-0.557209,-0.219561,0
0.352148,-0.291675,-0.562994,-0.224419,0
0.369023,-0.343155,-0.58089,-0.233759,0
0.385715,-0.387282,-0.611753,-0.259876,0
0.402421,-0.422517,-0.648558,-0.287437,0
0.419139,-0.444956,-0.705979,-0.313649,0
0.436854,-0.459014,-0.778484,-0.333528,0
0.453591,-0.473652,-0.858744,-0.353155,0
0.470484,-0.491373,-0.92495,-0.375153,0
0.48724,-0.511738,-0.986874,-0.396596,0
0.504054,-0.526606,-1.05548,-0.412388,0
0.5208,-0.536763,-1.12463,-0.428512,0
0.537611,-0.537706,-1.19166,-0.444919,0
0.554524,-0.530752,-1.24653,-0.458983,0
0.571237,-0.514442,-1.28322,-0.476213,0
0.588046,-0.497874,-1.31466,-0.498743,0
0.604938,-0.473323,-1.3442,-0.52323,0
0.622376,-0.439343,-1.35916,-0.541631,0
0.638758,-0.397279,-1.35906,-0.552229,0
0.655533,-0.35605,-1.35638,-0.561312,0
0.671584,-0.318123,-1.34632,-0.569098,0
0.688401,-0.280439,-1.32217,-0.570597,0
0.707154,-0.237789,-1.29371,-0.569294,0
0.723201,-0.183119,-1.26673,-0.544891,0
0.739256,-0.112973,-1.2436,-0.495511,0
0.755319,-0.0424972,-1.21343,-0.445423,0
0.772661,0.0204978,-1.17463,-0.410254,0
0.789938,0.0719061,-1.12068,-0.374933,0
0.806572,0.121145,-1.07184,-0.316196,0
0.823296,0.158175,-1.02998,-0.255501,0
0.840074,0.184741,-0.988926,-0.208651,0
0.856876,0.189398,-0.935624,-0.186606,0
0.873806,0.180454,-0.884762,-0.175473,0
0.890543,0.167612,-0.848928,-0.163342,0
0.90736,0.159192,-0.815626,-0.152945,0
0.924186,0.141625,-0.792257,-0.151795,0
0.940945,0.126568,-0.772225,-0.158572,0
0.95843,0.105899,-0.757643,-0.166969,0
0.974939,0.085596,-0.750319,-0.166403,0
0.991228,0.0707805,-0.756979,-0.158156,0
1.00791,0.0632565,-0.757512,-0.151087,0
1.02493,0.0516324,-0.752794,-0.145028,0
1.04171,0.0390814,-0.743576,-0.137247,0
1.05854,0.0309109,-0.733086,-0.12799,0
1.07539,0.0264951,-0.721508,-0.112293,0
1.09159,0.0252975,-0.708996,-0.0988387,0
1.10796,0.0190961,-0.685335,-0.0873063,0
1.12475,0.021543,-0.659879,-0.0774215,0
1.14144,0.0314027,-0.635471,-0.0715362,0
1.15818,0.0579661,-0.622313,-0.074254,0
1.17513,0.0833221,-0.61621,-0.0843459,0
1.19184,0.099881,-0.605804,-0.108521,0
1.20843,0.116662,-0.599471,-0.129242,0
1.22507,0.141395,-0.604394,-0.131479,0
1.24188,0.175532,-0.624137,-0.125633,0
1.25865,0.20738,-0.646235,-0.13356,0
1.27535,0.242441,-0.662589,-0.150705,0
1.29207,0.272493,-0.699894,-0.183512,0
1.30882,0.298252,-0.762919,-0.19352,0
1.32681,0.322918,-0.824702,-0.191749,0
1.34352,0.344061,-0.869897,-0.195406,0
1.35985,0.354421,-0.916398,-0.21924,0
1.37617,0.360713,-0.966606,-0.252606,0
1.39388,0.366107,-1.0174,-0.281206,0
1.40968,0.357792,-1.06612,-0.323832,0
1.42733,0.340316,-1.1234,-0.370719,0
1.44422,0.299462,-1.17767,-0.403145,0
1.46111,0.254094,-1.21643,-0.418002,0
1.4779,0.197095,-1.2393,-0.435911,0
1.49466,0.145652,-1.26667,-0.487486,0
1.51148,0.093795,-1.29012,-0.54463,0
1.52825,0.031234,-1.30505,-0.572912,0
1.54505,-0.0275645,-1.3075,-0.558341,0
1.56185,-0.0909005,-1.27338,-0.563964,0
1.57864,-0.147776,-1.23895,-0.581721,0
1.59547,-0.193939,-1.21203,-0.594354,0
1.61243,-0.223157,-1.19672,-0.574132,0
1.62912,-0.245614,-1.16031,-0.5568,0
1.64672,-0.267451,-1.11098,-0.544531,0
1.66302,-0.28358,-1.06094,-0.521077,0
1.67942,-0.28188,-1.0284,-0.488037,0
1.69612,-0.267486,-1.00827,-0.464892,0
1.71345,-0.244799,-0.99102,-0.452815,0
1.7299,-0.22794,-0.965881,-0.450226,0
1.74655,-0.213489,-0.946921,-0.43507,0
1.76347,-0.198515,-0.933257,-0.416904,0
1.78033,-0.175331,-0.929307,-0.40392,0
1.79722,-0.152871,-0.923334,-0.410904,0
1.81413,-0.13362,-0.920802,-0.414302,0
1.83074,-0.117119,-0.921219,-0.406865,0
1.8476,-0.0926251,-0.929339,-0.392728,0
1.86444,-0.074218,-0.933711,-0.388373,0
1.88115,-0.0636155,-0.927109,-0.389815,0
1.89795,-0.057115,-0.92145,-0.388464,0
1.9148,-0.0437808,-0.921775,-0.374368,0
1.93169,-0.0220017,-0.942753,-0.354524,0
1.94838,-0.00333384,-0.965908,-0.350452,0
1.966,0.00231733,-0.970231,-0.357311,0
1.98235,0.00457374,-0.973937,-0.360604,0
1.9996,0.0065078,-0.99005,-0.347901,0
2.01547,0.0159279,-1.01162,-0.342187,0
