0,-0.0181122,-1.03239,-0.181122,0
0.00818625,-0.0129373,-1.03498,-0.178534,0
0.0245203,-0.00850164,-1.03979,-0.173729,0
0.0416696,-0.00469966,-1.04391,-0.16961,0
0.0590496,-0.00144083,-1.05002,-0.163492,0
0.075959,0.00135246,-1.05527,-0.158249,0
0.0936573,-0.0014282,-1.05717,-0.151166,0
0.110084,-0.00381163,-1.05881,-0.139921,0
0.126558,-0.00844202,-1.06021,-0.127695,0
0.142958,-0.0149984,-1.06659,-0.0991027,0
0.160069,-0.025793,-1.07464,-0.0720079,0
0.176953,-0.0350456,-1.08154,-0.0565462,0
0.193705,-0.0429763,-1.08487,-0.0510556,0
0.210507,-0.0445992,-1.09031,-0.0411745,0
0.227257,-0.0459903,-1.10015,-0.02753,0
0.244046,-0.054945,-1.106,-0.0132474,0
0.260891,-0.0652079,-1.10583,-0.00359252,0
0.277653,-0.0869419,-1.10051,-0.0134291,0
0.294457,-0.105571,-1.0882,-0.0347978,0
0.311299,-0.116364,-1.06987,-0.066051,0
0.328096,-0.12044,-1.03606,-0.0902521,0
0.344976,-0.131697,-1.00707,-0.103233,0
0.362055,-0.143932,-0.979641,-0.129885,0
0.378815,-0.149245,-0.956127,-0.168254,0
0.395627,-0.143449,-0.930798,-0.219254,0
0.413163,-0.133306,-0.914263,-0.262968,0
0.429573,-0.129787,-0.905264,-0.292675,0
0.446673,-0.129358,-0.900138,-0.312963,0
0.462629,-0.128991,-0.895745,-0.330353,0
0.479768,-0.126088,-0.897154,-0.355609,0
0.496372,-0.118425,-0.895775,-0.374669,0
0.513162,-0.114445,-0.894592,-0.388418,0
0.529999,-0.121383,-0.896166,-0.392441,0
0.546799,-0.132504,-0.900102,-0.390715,0
0.563606,-0.147212,-0.903477,-0.389235,0
0.580324,-0.159819,-0.906369,-0.387967,0
0.597252,-0.180974,-0.919197,-0.386879,0
0.61406,-0.21722,-0.943131,-0.380773,0
0.630923,-0.253462,-0.963645,-0.357426,0
0.647685,-0.28194,-0.978641,-0.33224,0
0.664493,-0.298586,-0.988908,-0.313239,0
0.681315,-0.302505,-0.989945,-0.302127,0
0.698107,-0.30069,-0.990835,-0.297778,0
0.71491,-0.296546,-0.991597,-0.29405,0
0.731753,-0.285232,-0.99225,-0.283092,0
0.749255,-0.265184,-0.990223,-0.271113,0
0.76578,-0.245413,-0.985897,-0.260844,0
0.782411,-0.225878,-0.98219,-0.25463,0
0.798405,-0.201372,-0.979012,-0.241542,0
0.815979,-0.170017,-0.973701,-0.225148,0
0.832951,-0.137967,-0.966561,-0.211096,0
0.849755,-0.10532,-0.955266,-0.199052,0
0.866633,-0.0773371,-0.95076,-0.18614,0
0.883418,-0.0585266,-0.952072,-0.172486,0
0.90021,-0.0424033,-0.953197,-0.160783,0
0.917021,-0.0259958,-0.956748,-0.153338,0
0.933836,-0.00675741,-0.96238,-0.15472,0
0.950684,0.0123201,-0.969795,-0.158492,0
0.967451,0.0312597,-0.973563,-0.164312,0
0.984406,0.0500812,-0.97938,-0.174476,0
1.00114,0.0584514,-0.989541,-0.183188,0
1.01791,0.0630385,-1.00084,-0.188067,0
1.03472,0.0643828,-1.01052,-0.189663,0
1.05169,0.07071,-1.01365,-0.19103,0
1.06841,0.0761333,-1.01115,-0.192202,0
1.08591,0.0833693,-1.00383,-0.193207,0
1.10228,0.0869841,-0.989802,-0.207005,0
1.11844,0.0900825,-0.970012,-0.224007,0
1.13567,0.084976,-0.947874,-0.243755,0
1.15228,0.075424,-0.928899,-0.263269,0
1.16908,0.0542993,-0.910047,-0.282584,0
1.1859,0.033605,-0.896476,-0.296551,0
1.20264,0.0210419,-0.890018,-0.305936,0
1.21944,0.012861,-0.884483,-0.311392,0
1.23627,0.0110237,-0.879739,-0.316069,0
1.25306,0.00686147,-0.87826,-0.317491,0
1.26988,0.0032938,-0.884754,-0.313534,0
1.2867,-0.00235165,-0.892908,-0.31273,0
1.30351,-0.00977806,-0.90766,-0.319804,0
1.32032,-0.0161436,-0.920304,-0.323279,0
1.33713,-0.0241872,-0.93373,-0.318496,0
1.35394,-0.0414315,-0.958175,-0.311808,0
1.37082,-0.04845,-0.981715,-0.298313,0
1.38757,-0.0363536,-0.991542,-0.284159,0
1.40442,-0.018223,-0.994791,-0.266852,0
1.42201,0.0102548,-1.00016,-0.244255,0
1.43831,0.0398393,-1.00735,-0.232649,0
1.45453,0.0677849,-1.01352,-0.23305,0
1.47139,0.0891508,-1.02139,-0.241156,0
1.4883,0.104877,-1.02555,-0.24293,0
1.5051,0.110594,-1.02653,-0.236688,0
1.52195,0.112907,-1.02995,-0.223575,0
1.53873,0.112302,-1.03289,-0.212335,0
1.55555,0.109196,-1.03799,-0.197526,0
1.57242,0.101359,-1.04237,-0.184833,0
1.58922,0.104992,-1.04353,-0.181715,0
1.606,0.110692,-1.04453,-0.181631,0
1.62299,0.115579,-1.04538,-0.17897,0
1.63978,0.112005,-1.04353,-0.181865,0
1.65658,0.106354,-1.04194,-0.179172,0
1.67339,0.0989229,-1.0354,-0.176863,0
1.69019,0.100316,-1.02721,-0.172296,0
1.70702,0.11186,-1.02019,-0.173557,0
1.72381,0.126929,-1.01417,-0.174638,0
1.74141,0.145021,-1.0116,-0.178151,0
1.75785,0.170878,-1.00681,-0.196688,0
1.77447,0.200803,-1.00529,-0.222926,0
1.79059,0.231628,-1.00916,-0.245416,0
1.80776,0.2684,-1.02283,-0.264693,0
1.82453,0.302506,-1.04231,-0.283804,0
1.84139,0.316215,-1.05383,-0.302772,0
1.85815,0.31244,-1.06629,-0.316443,0
1.87499,0.293681,-1.0718,-0.325573,0
1.89179,0.277601,-1.06358,-0.325637,0
1.90859,0.263818,-1.04619,-0.310167,0
1.92542,0.249417,-1.02093,-0.294319,0
1.94227,0.224136,-0.996694,-0.278148,0
1.95905,0.194704,-0.97592,-0.2617,0
1.97598,0.164302,-0.963288,-0.247601,0
1.99265,0.13048,-0.957636,-0.232929,0
2.00943,0.0937279,-0.950203,-0.230703,0
2.02622,0.0518762,-0.949008,-0.24432,0
2.04305,0.0160033,-0.942808,-0.255991,0
2.05991,-0.0173324,-0.929731,-0.26082,0
2.07761,-0.0433183,-0.908173,-0.262372,0
2.09396,-0.0733543,-0.89487,-0.26629,0
2.11053,-0.106862,-0.888641,-0.274822,0
2.12666,-0.14852,-0.888478,-0.282136,0
2.1441,-0.176464,-0.888338,-0.296168,0
2.16094,-0.190067,-0.88563,-0.321132,0
2.17777,-0.204314,-0.885897,-0.34253,0
2.19457,-0.219113,-0.896475,-0.345346,0
2.21141,-0.226623,-0.91848,-0.339998,0
2.22817,-0.225298,-0.942516,-0.332826,0
2.245,-0.218987,-0.963118,-0.326678,0
2.26182,-0.205815,-0.975602,-0.329172,0
2.27862,-0.186763,-0.97854,-0.331309,0
2.29542,-0.167845,-0.978471,-0.327966,0
2.31226,-0.159392,-0.975825,-0.322513,0
2.32932,-0.154734,-0.973556,-0.317839,0
2.34605,-0.150741,-0.971612,-0.308658,0
2.36281,-0.144731,-0.969945,-0.298201,0
