0,0.0543365,-1.08673,-0.271683,0
0.0141661,0.0517491,-1.08673,-0.276858,0
0.031333,0.036594,-1.08414,-0.276118,0
0.0488137,0.0261914,-1.08193,-0.272897,0
0.0651681,0.0224498,-1.08261,-0.262374,0
0.0818695,0.0218301,-1.08579,-0.258529,0
0.0980464,0.0187115,-1.0911,-0.252646,0
0.115171,0.00827608,-1.09047,-0.245015,0
0.131928,-0.00843095,-1.09511,-0.235888,0
0.148746,-0.0201638,-1.0965,-0.222889,0
0.165566,-0.0224582,-1.10287,-0.211747,0
0.18237,-0.0114875,-1.11868,-0.204785,0
0.199171,-0.00208406,-1.12705,-0.188467,0
0.215977,0.000801119,-1.12905,-0.166718,0
0.232787,-0.00707569,-1.12559,-0.145489,0
0.2496,-0.0215896,-1.12522,-0.12988,0
0.266395,-0.0340301,-1.11713,-0.119088,0
0.283217,-0.0446934,-1.10503,-0.112425,0
0.300066,-0.0512459,-1.09983,-0.109302,0
0.316831,-0.0594498,-1.10054,-0.119562,0
0.333641,-0.0716566,-1.09598,-0.130943,0
0.350457,-0.0795321,-1.0869,-0.135524,0
0.367417,-0.0629955,-1.06617,-0.134276,0
0.384069,-0.0436463,-1.04841,-0.138381,0
0.401537,-0.0322362,-1.02542,-0.157424,0
0.417833,-0.0379809,-0.997957,-0.184096,0
0.434319,-0.0454923,-0.953715,-0.204371,0
0.451437,-0.0338185,-0.918381,-0.224337,0
0.467984,-0.0212249,-0.895857,-0.249213,0
0.484799,-0.0207802,-0.87655,-0.288647,0
0.501607,-0.0307489,-0.857415,-0.33021,0
0.51841,-0.0522307,-0.835837,-0.360661,0
0.535318,-0.0706438,-0.817343,-0.384174,0
0.552003,-0.0812514,-0.806665,-0.399153,0
0.568802,-0.0877563,-0.81045,-0.406818,0
0.585618,-0.0907444,-0.824044,-0.42115,0
0.602413,-0.0984805,-0.835696,-0.436022,0
0.619229,-0.115461,-0.840509,-0.459119,0
0.63602,-0.145541,-0.836872,-0.468567,0
0.652838,-0.173911,-0.828579,-0.46114,0
0.669647,-0.200816,-0.826646,-0.452187,0
0.686437,-0.216115,-0.830164,-0.454863,0
0.703243,-0.239578,-0.840942,-0.470093,0
0.720095,-0.267451,-0.847593,-0.470211,0
0.737498,-0.288755,-0.850706,-0.467724,0
0.753818,-0.299254,-0.855962,-0.455243,0
0.770315,-0.31084,-0.860467,-0.441957,0
0.787203,-0.320771,-0.866916,-0.433157,0
0.804064,-0.318933,-0.877618,-0.428202,0
0.820936,-0.296658,-0.889379,-0.416192,0
0.837685,-0.264628,-0.907223,-0.400722,0
0.85449,-0.239761,-0.922517,-0.382288,0
0.87137,-0.228797,-0.922689,-0.3639,0
0.888136,-0.211636,-0.920249,-0.348139,0
0.90495,-0.17364,-0.931095,-0.332041,0
0.921635,-0.128135,-0.942979,-0.318244,0
0.938621,-0.0813679,-0.94799,-0.29348,0
0.955414,-0.0490443,-0.941936,-0.274841,0
0.972341,-0.0239258,-0.936746,-0.26404,0
0.989154,0.00795421,-0.937473,-0.252195,0
1.00597,0.058567,-0.953621,-0.239454,0
1.02277,0.120062,-0.967461,-0.228533,0
1.03958,0.167596,-0.976738,-0.22176,0
1.05642,0.203165,-0.979514,-0.218542,0
1.07388,0.223303,-0.976718,-0.226134,0
1.09022,0.237977,-0.974322,-0.242991,0
1.10654,0.255729,-0.967093,-0.254852,0
1.12365,0.273533,-0.955723,-0.267606,0
1.14034,0.275856,-0.938214,-0.286301,0
1.15711,0.25456,-0.907681,-0.304912,0
1.17393,0.228545,-0.876336,-0.336389,0
1.19079,0.203658,-0.849468,-0.36337,0
1.20761,0.192676,-0.829026,-0.378734,0
1.22436,0.180675,-0.811505,-0.386728,0
1.24117,0.165215,-0.793899,-0.39358,0
1.25798,0.136438,-0.781395,-0.399453,0
1.2748,0.111772,-0.770678,-0.39155,0
1.2916,0.106154,-0.758905,-0.392538,0
1.30847,0.106514,-0.756575,-0.395973,0
1.32522,0.104235,-0.764929,-0.391154,0
1.34198,0.0686445,-0.764326,-0.368912,0
1.35879,0.0226138,-0.758635,-0.355022,0
1.3756,-0.00390382,-0.766694,-0.345704,0
1.39241,0.0147661,-0.802064,-0.32478,0
1.40991,0.0411186,-0.84273,-0.29132,0
1.4259,0.0248947,-0.877588,-0.265228,0
1.44276,-0.00194877,-0.899703,-0.253212,0
1.45956,-0.0327198,-0.918659,-0.250676,0
1.47636,-0.0151083,-0.955606,-0.24074,0
1.49316,0.0180995,-1.01056,-0.216698,0
1.50989,0.0388009,-1.06284,-0.190916,0
1.52669,0.0461952,-1.10248,-0.168817,0
1.54352,0.0577081,-1.13128,-0.147288,0
1.56036,0.0779261,-1.16631,-0.139184,0
1.57718,0.113368,-1.20152,-0.134825,0
1.59397,0.146334,-1.24722,-0.138852,0
1.6108,0.169416,-1.27346,-0.147478,0
1.62757,0.186613,-1.28818,-0.157459,0
1.64444,0.206528,-1.29304,-0.173777,0
1.66147,0.236536,-1.29203,-0.192938,0
1.67816,0.272606,-1.28599,-0.204187,0
1.69496,0.303524,-1.27563,-0.21383,0
1.71182,0.317087,-1.25124,-0.227269,0
1.72858,0.320951,-1.21221,-0.238789,0
1.74605,0.3165,-1.16841,-0.238313,0
1.76248,0.312685,-1.13087,-0.235318,0
1.77884,0.317177,-1.10127,-0.222401,0
1.79565,0.308091,-1.08108,-0.198391,0
1.81259,0.279602,-1.06119,-0.172637,0
1.82942,0.242247,-1.03897,-0.155737,0
1.84622,0.181765,-1.00956,-0.159364,0
1.86302,0.1144,-0.979189,-0.165059,0
1.87985,0.0463077,-0.958328,-0.162179,0
1.89667,-0.0146442,-0.940447,-0.154535,0
1.91346,-0.0694762,-0.92512,-0.158333,0
1.93038,-0.119062,-0.92492,-0.187463,0
1.94712,-0.161565,-0.932511,-0.227957,0
1.9639,-0.197996,-0.936431,-0.262665,0
1.98077,-0.234397,-0.937202,-0.289828,0
1.99756,-0.252661,-0.937864,-0.294998,0
2.01437,-0.260553,-0.941019,-0.296842,0
2.03117,-0.246618,-0.948897,-0.301011,0
2.04797,-0.226912,-0.963413,-0.312346,0
2.06481,-0.212608,-0.97068,-0.319474,0
2.08228,-0.20811,-0.971734,-0.322996,0
2.09857,-0.209429,-0.972637,-0.310491,0
2.11598,-0.197623,-0.965649,-0.297185,0
