0,0.0362244,-1.01428,-0.235458,0
0.0157014,0.0336369,-1.00911,-0.230283,0
0.0335369,0.0262442,-1.00208,-0.225848,0
0.0502769,0.0173201,-0.996064,-0.222046,0
0.0670261,0.00967089,-0.993492,-0.221374,0
0.0850538,0.00570188,-0.991287,-0.223386,0
0.100946,0.00229987,-0.994572,-0.219936,0
0.11774,-0.000616134,-0.997388,-0.216979,0
0.13401,-0.00829048,-0.994626,-0.209269,0
0.150993,-0.0174559,-0.989672,-0.207835,0
0.167805,-0.0201371,-0.988013,-0.211781,0
0.184872,-0.0198479,-0.989178,-0.212576,0
0.201607,-0.014425,-0.990177,-0.208083,0
0.218491,-0.0175392,-0.991033,-0.209406,0
0.235372,-0.0253834,-0.986592,-0.207953,0
0.252177,-0.032107,-0.982785,-0.211882,0
0.268979,-0.0378701,-0.979523,-0.212663,0
0.286769,-0.0479848,-0.979313,-0.213332,0
0.30283,-0.064417,-0.979134,-0.216493,0
0.319624,-0.0888514,-0.97898,-0.22179,0
0.336407,-0.133082,-0.973674,-0.231505,0
0.353248,-0.186519,-0.971712,-0.245007,0
0.370012,-0.250435,-0.977794,-0.251405,0
0.386814,-0.310394,-0.985594,-0.254302,0
0.404881,-0.351438,-0.997455,-0.269722,0
0.421025,-0.376269,-1.01021,-0.28294,0
0.43725,-0.407902,-1.00562,-0.276156,0
0.454141,-0.437604,-0.993916,-0.278105,0
0.470982,-0.447538,-0.968364,-0.282362,0
0.488774,-0.443115,-0.936112,-0.280837,0
0.506229,-0.408275,-0.918817,-0.271767,0
0.521478,-0.375825,-0.909168,-0.253642,0
0.538224,-0.329898,-0.89831,-0.22517,0
0.555168,-0.256895,-0.904527,-0.23699,0
0.571903,-0.176209,-0.909857,-0.260058,0
0.589207,-0.109637,-0.90925,-0.272069,0
0.605568,-0.0499878,-0.911317,-0.261664,0
0.622453,0.0270146,-0.931201,-0.252745,0
0.639189,0.113716,-0.96377,-0.242513,0
0.655967,0.195794,-0.994273,-0.233743,0
0.672865,0.260972,-1.02559,-0.223638,0
0.689607,0.296139,-1.04985,-0.204627,0
0.706453,0.30817,-1.06806,-0.198682,0
0.723261,0.30037,-1.07849,-0.198761,0
0.740847,0.28851,-1.09002,-0.196241,0
0.757244,0.275756,-1.10766,-0.178556,0
0.773328,0.262237,-1.13054,-0.158223,0
0.790508,0.235124,-1.14498,-0.120095,0
0.807202,0.191185,-1.15995,-0.0718892,0
0.823994,0.150936,-1.15984,-0.0357448,0
0.840759,0.121611,-1.15716,-0.00735129,0
0.857567,0.106826,-1.16003,0.0299233,0
0.87482,0.0993271,-1.15991,0.0722227,0
0.891531,0.0773752,-1.13652,0.113654,0
0.908937,0.0585592,-1.10353,0.149167,0
0.925043,0.057956,-1.07267,0.14597,0
0.941823,0.0574389,-1.06174,0.119942,0
0.958773,0.0337086,-1.02909,0.0717579,0
0.975489,0.0185433,-0.995923,-0.000592136,0
0.992291,0.0133068,-0.962321,-0.0833061,0
1.00925,0.0243431,-0.936107,-0.156791,0
1.0259,0.0467401,-0.926576,-0.24824,0
1.04268,0.0685249,-0.918405,-0.3318,0
1.06011,0.0794353,-0.906228,-0.418948,0
1.07651,0.0913745,-0.893202,-0.498821,0
1.09335,0.0938457,-0.882037,-0.543996,0
1.11082,0.0959639,-0.86988,-0.574956,0
1.12673,0.110717,-0.869809,-0.585967,0
1.14344,0.120775,-0.874923,-0.587644,0
1.16017,0.131983,-0.874132,-0.573556,0
1.17697,0.149353,-0.876041,-0.556306,0
1.19386,0.187528,-0.893203,-0.533758,0
1.2109,0.22025,-0.907912,-0.504081,0
1.22745,0.250884,-0.917933,-0.473468,0
1.24426,0.29008,-0.926522,-0.442054,0
1.26104,0.336613,-0.941647,-0.409953,0
1.27784,0.384262,-0.949436,-0.377263,0
1.29467,0.419928,-0.956112,-0.34148,0
1.31142,0.434975,-0.95666,-0.27976,0
1.32842,0.437522,-0.939017,-0.232032,0
1.34516,0.447467,-0.939419,-0.214409,0
1.36192,0.463754,-0.947527,-0.209654,0
1.37872,0.48289,-0.964826,-0.221103,0
1.39617,0.473417,-0.964128,-0.230916,0
1.4132,0.44201,-0.950594,-0.234152,0
1.4291,0.420265,-0.94158,-0.242101,0
1.44576,0.414564,-0.944203,-0.267027,0
1.46274,0.399327,-0.951627,-0.298741,0
1.47963,0.350043,-0.942466,-0.3311,0
1.49634,0.300037,-0.932026,-0.356249,0
1.51413,0.262349,-0.936014,-0.380392,0
1.53035,0.219696,-0.949783,-0.419199,0
1.54687,0.154674,-0.953822,-0.457637,0
1.56366,0.083416,-0.954697,-0.495758,0
1.58067,0.00681303,-0.947684,-0.533609,0
1.59741,-0.0510843,-0.944261,-0.553115,0
1.61517,-0.0903607,-0.954264,-0.554309,0
1.63124,-0.116264,-0.965426,-0.547571,0
1.64782,-0.128117,-0.974993,-0.544383,0
1.6646,-0.135689,-0.972843,-0.523538,0
1.68149,-0.139592,-0.963238,-0.497908,0
1.69822,-0.135175,-0.955005,-0.473353,0
1.71505,-0.121039,-0.947949,-0.449718,0
1.73249,-0.11151,-0.928963,-0.413934,0
1.74878,-0.103343,-0.907515,-0.388438,0
1.76517,-0.0963417,-0.886543,-0.366584,0
1.78211,-0.0774036,-0.873742,-0.358201,0
1.80085,-0.0534087,-0.865357,-0.361366,0
1.81575,-0.0328416,-0.85817,-0.371841,0
1.83258,-0.0178001,-0.846835,-0.398932,0
1.84936,0.000267462,-0.842294,-0.44544,0
1.86613,0.0286913,-0.833227,-0.503416,0
1.88299,0.0530545,-0.825455,-0.560872,0
1.89981,0.089462,-0.831731,-0.63082,0
1.91661,0.118081,-0.829347,-0.688188,0
1.93378,0.145199,-0.824717,-0.742535,0
1.95017,0.168443,-0.825923,-0.778769,0
1.96695,0.188366,-0.83472,-0.796889,0
1.98384,0.195094,-0.831909,-0.771021,0
2.00057,0.195685,-0.845025,-0.722974,0
2.01736,0.201367,-0.861443,-0.668854,0
2.03444,0.188125,-0.898802,-0.604353,0
2.05123,0.1716,-0.943761,-0.549066,0
2.06827,0.157436,-0.992647,-0.486153,0
2.08532,0.14012,-1.03972,-0.41929,0
2.10128,0.117515,-1.08266,-0.354216,0
2.11838,0.0877899,-1.11171,-0.293264,0
2.13535,0.0467865,-1.12108,-0.217732,0
2.15323,-0.00129654,-1.09288,-0.160753,0
2.16871,-0.0373357,-1.07648,-0.122264,0
2.18557,-0.0164773,-1.08829,-0.0970351,0
2.20227,0.0169261,-1.10877,-0.054711,0
2.21915,0.0533199,-1.12115,0.033316,0
2.23653,0.0715773,-1.10329,0.103593,0
2.25298,0.0742892,-1.06211,0.135368,0
2.26972,0.0688514,-1.02164,0.154842,0
2.28657,0.056428,-0.994718,0.163771,0
2.30336,0.0638916,-0.997513,0.153312,0
2.32013,0.0806388,-1.01802,0.121061,0
2.33756,0.0924061,-1.04077,0.0804792,0
2.35389,0.0843801,-1.0551,0.0198205,0
2.3706,0.0516262,-1.05186,-0.0502848,0
2.38807,0.015789,-1.03614,-0.107788,0
2.40447,-0.00975367,-1.02267,-0.149313,0
2.42112,-0.0135352,-1.01629,-0.17197,0
2.43758,-0.00901414,-1.01083,-0.178452,0
2.45432,-0.0129013,-1.00356,-0.184008,0
2.47136,-0.0162332,-0.994744,-0.186183,0
2.48812,-0.024264,-0.984598,-0.182873,0
2.50493,-0.0285601,-0.975902,-0.18521,0
2.52177,-0.0270675,-0.978797,-0.174276,0
2.53855,-0.0128509,-0.991629,-0.151967,0
