0,-0.0362244,-1.03239,-0.16301,0
0.0138103,0.0362244,-1.01428,-0.217346,0
0.0301953,0.0362244,-1.05051,-0.144897,0
0.0477682,0.0181122,-1.10484,-0.0724487,0
0.065229,-0.0543365,-1.17729,-0.108673,0
0.0815318,-0.144897,-1.30408,-0.144897,0
0.097921,-0.235458,-1.37653,-0.144897,0
0.114843,-0.41658,-1.53954,-0.126785,0
0.131666,-0.470917,-1.53954,-0.144897,0
0.148477,-0.507141,-1.46709,-0.126785,0
0.165349,-0.507141,-1.46709,-0.0905609,0
0.182097,-0.525253,-1.43086,-0.0724487,0
0.198971,-0.57959,-1.32219,-0.0905609,0
0.215656,-0.57959,-1.28596,-0.0543365,0
0.232517,-0.615814,-1.14107,-0.0181122,0
0.249321,-0.561478,-0.978058,-0.0362244,0
0.266146,-0.489029,-0.796936,-0.0724487,0
0.282938,-0.452805,-0.688263,-0.0543365,0
0.299749,-0.380356,-0.525253,-0.0181122,0
0.31652,-0.326019,-0.344131,0.0543365,0
0.333311,-0.253571,-0.217346,-0.0181122,0
0.350126,-0.16301,-0.16301,-0.0543365,0
0.366927,-0.0181122,-0.0181122,-0.0543365,0
0.383739,0.0362244,-0.0543365,-0.0362244,0
0.400802,0.0362244,0,0.108673,0
0.417504,0.0362244,-0.0362244,0.0724487,0
0.433733,0.0905609,-0.126785,-0.0362244,0
0.450889,0.181122,-0.217346,-0.144897,0
0.46766,0.235458,-0.253571,-0.326019,0
0.484492,0.470917,-0.326019,-0.344131,0
0.50128,0.561478,-0.362244,-0.362244,0
0.518084,0.543365,-0.470917,-0.271683,0
0.534943,0.489029,-0.525253,-0.253571,0
0.55171,0.452805,-0.724487,-0.217346,0
0.568515,0.597702,-0.83316,-0.289795,0
0.585384,0.688263,-0.869385,-0.434692,0
0.602136,0.724487,-0.959946,-0.525253,0
0.618951,0.760712,-1.12296,-0.633926,0
0.635875,0.652039,-1.24974,-0.525253,0
0.652577,0.489029,-1.39464,-0.489029,0
0.669375,0.470917,-1.43086,-0.489029,0
0.685609,0.561478,-1.4852,-0.561478,0
0.703103,0.597702,-1.50331,-0.688263,0
0.720441,0.452805,-1.57576,-0.706375,0
0.736843,0.362244,-1.61198,-0.670151,0
0.753453,0.126785,-1.66632,-0.57959,0
0.769578,-0.0362244,-1.68443,-0.507141,0
0.787035,-0.108673,-1.64821,-0.543365,0
0.804091,-0.181122,-1.59387,-0.507141,0
0.8209,-0.289795,-1.61198,-0.525253,0
0.837703,-0.561478,-1.72066,-0.57959,0
0.854559,-0.670151,-1.70255,-0.525253,0
0.871332,-0.887497,-1.59387,-0.380356,0
0.888147,-0.99617,-1.52142,-0.289795,0
0.90497,-1.08673,-1.46709,-0.217346,0
0.921764,-1.17729,-1.41275,-0.16301,0
0.938564,-1.30408,-1.3403,-0.108673,0
0.955426,-1.26785,-1.1954,-0.0543365,0
0.972202,-1.14107,-1.03239,-0.0543365,0
0.989009,-1.08673,-0.941833,-0.0543365,0
1.00588,-0.959946,-0.83316,-0.0724487,0
1.02263,-0.887497,-0.742599,-0.144897,0
1.03943,-0.742599,-0.615814,-0.126785,0
1.0569,-0.688263,-0.561478,-0.126785,0
1.0732,-0.597702,-0.525253,-0.253571,0
1.0894,-0.452805,-0.507141,-0.398468,0
1.10675,-0.362244,-0.470917,-0.434692,0
1.12337,-0.271683,-0.434692,-0.434692,0
1.14018,-0.144897,-0.398468,-0.470917,0
1.15698,-0.0362244,-0.398468,-0.507141,0
1.17379,0.0181122,-0.398468,-0.507141,0
1.19067,0.0905609,-0.380356,-0.507141,0
1.20745,0.199234,-0.380356,-0.507141,0
1.22425,0.380356,-0.344131,-0.525253,0
1.24111,0.452805,-0.326019,-0.561478,0
1.25786,0.543365,-0.344131,-0.57959,0
1.27473,0.597702,-0.362244,-0.652039,0
1.29149,0.633926,-0.470917,-0.652039,0
1.30829,0.670151,-0.525253,-0.688263,0
1.3251,0.597702,-0.597702,-0.724487,0
1.3419,0.561478,-0.706375,-0.724487,0
1.3589,0.57959,-0.815048,-0.778824,0
1.3763,0.543365,-0.887497,-0.778824,0
1.39263,0.41658,-0.978058,-0.760712,0
1.40932,0.307907,-1.10484,-0.670151,0
1.42584,0.235458,-1.17729,-0.615814,0
1.44314,0.144897,-1.26785,-0.57959,0
1.45976,0.126785,-1.41275,-0.688263,0
1.47649,0.126785,-1.43086,-0.688263,0
1.49329,0.0724487,-1.46709,-0.706375,0
1.51012,0.108673,-1.50331,-0.778824,0
1.52691,0.0181122,-1.46709,-0.815048,0
1.54389,-0.108673,-1.46709,-0.83316,0
1.56062,-0.217346,-1.4852,-0.851273,0
1.57739,-0.307907,-1.41275,-0.796936,0
1.59421,-0.543365,-1.3403,-0.796936,0
1.61113,-0.615814,-1.3403,-0.778824,0
1.62797,-0.597702,-1.28596,-0.778824,0
1.64481,-0.742599,-1.15918,-0.760712,0
1.66155,-0.905609,-1.14107,-0.742599,0
1.67836,-0.905609,-0.959946,-0.815048,0
1.6953,-0.99617,-0.905609,-0.851273,0
1.71268,-1.06862,-0.796936,-0.815048,0
1.72896,-1.06862,-0.652039,-0.633926,0
1.74534,-0.99617,-0.615814,-0.57959,0
1.76248,-0.905609,-0.561478,-0.507141,0
1.77909,-0.851273,-0.597702,-0.489029,0
1.79598,-0.633926,-0.543365,-0.434692,0
1.81273,-0.57959,-0.561478,-0.398468,0
1.82953,-0.507141,-0.652039,-0.380356,0
1.84636,-0.41658,-0.760712,-0.507141,0
1.86315,-0.253571,-0.760712,-0.543365,0
1.87997,-0.217346,-0.796936,-0.57959,0
1.89682,-0.16301,-0.83316,-0.57959,0
1.91365,-0.144897,-0.851273,-0.57959,0
1.93045,-0.235458,-0.923721,-0.688263,0
1.94741,-0.253571,-0.978058,-0.688263,0
1.96423,-0.217346,-1.03239,-0.633926,0
1.98104,-0.126785,-1.01428,-0.507141,0
1.99787,-0.108673,-0.99617,-0.597702,0
