0,0.0724487,-0.978058,0.0362244,0
0.00527604,0.0724487,-0.978058,0.0724487,0
0.0229618,0.108673,-0.978058,0.0724487,0
0.0396996,0.108673,-0.978058,0.0543365,0
0.0571765,0.144897,-0.99617,0.0181122,0
0.0735486,0.144897,-1.01428,0.0181122,0
0.0902427,0.126785,-0.978058,0.0362244,0
0.10632,0.108673,-0.959946,0.0362244,0
0.123817,0.108673,-0.959946,0.0362244,0
0.140613,0.144897,-0.978058,0.0362244,0
0.157447,0.16301,-0.978058,0.0543365,0
0.174235,0.16301,-0.959946,0.0181122,0
0.19104,0.144897,-0.923721,0.0543365,0
0.207796,0.144897,-0.905609,0.0543365,0
0.224602,0.108673,-0.887497,0.0362244,0
0.241416,0.108673,-0.887497,0.0543365,0
0.258297,0.126785,-0.905609,0.0543365,0
0.275074,0.126785,-0.869385,0.0724487,0
0.291872,0.108673,-0.887497,0.0543365,0
0.308601,0.0905609,-0.887497,0.0724487,0
0.325743,0.0905609,-0.905609,0.0905609,0
0.342351,0.0724487,-0.905609,0.0362244,0
0.359149,0.0905609,-0.887497,0.0543365,0
0.376003,0.0905609,-0.905609,0.0543365,0
0.393489,0.0724487,-0.923721,0.0362244,0
0.409787,0.0724487,-0.905609,0,0
0.426031,0.0905609,-0.887497,-0.0181122,0
0.443214,0.0543365,-0.923721,0,0
0.459922,-0.0543365,-0.923721,0.0181122,0
0.476748,-0.0543365,-0.905609,-0.0362244,0
0.493555,-0.0362244,-0.887497,-0.0181122,0
0.510351,-0.0543365,-0.887497,-0.0362244,0
0.527237,-0.0905609,-0.887497,-0.0362244,0
0.543982,-0.108673,-0.905609,-0.0362244,0
0.560793,-0.0905609,-0.887497,-0.0181122,0
0.577647,-0.0543365,-0.905609,-0.0362244,0
0.594434,-0.108673,-0.869385,-0.0362244,0
0.611225,-0.144897,-0.887497,-0.0362244,0
0.628146,-0.144897,-0.887497,-0.0543365,0
0.64496,-0.0543365,-0.941833,-0.0724487,0
0.661752,-0.0362244,-0.959946,-0.0181122,0
0.678572,-0.0724487,-0.959946,-0.0181122,0
0.695394,-0.0362244,-0.923721,-0.0362244,0
0.712828,-0.0181122,-0.923721,-0.0543365,0
0.729262,-0.0181122,-0.941833,-0.0905609,0
0.746042,-0.0362244,-0.923721,-0.108673,0
0.762418,-0.0362244,-0.905609,-0.0362244,0
0.77958,-0.0905609,-0.905609,-0.0543365,0
0.796392,-0.108673,-0.905609,-0.0905609,0
0.813186,-0.16301,-0.905609,-0.144897,0
0.830029,-0.181122,-0.905609,-0.144897,0
0.846832,-0.181122,-0.923721,-0.108673,0
0.863618,-0.16301,-0.923721,-0.108673,0
0.88043,-0.16301,-0.959946,-0.144897,0
0.897292,-0.16301,-0.99617,-0.181122,0
0.91404,-0.16301,-1.03239,-0.253571,0
0.930854,-0.144897,-1.05051,-0.271683,0
0.94768,-0.235458,-1.06862,-0.271683,0
0.964493,-0.271683,-1.01428,-0.271683,0
0.981317,-0.307907,-0.99617,-0.289795,0
0.998137,-0.271683,-1.03239,-0.326019,0
1.01494,-0.199234,-1.10484,-0.380356,0
1.03177,-0.199234,-1.17729,-0.326019,0
1.04882,-0.16301,-1.17729,-0.289795,0
1.06552,-0.144897,-1.15918,-0.326019,0
1.0817,-0.16301,-1.17729,-0.326019,0
1.09918,-0.108673,-1.1954,-0.326019,0
1.11601,-0.108673,-1.1954,-0.326019,0
1.13283,-0.126785,-1.14107,-0.344131,0
1.14965,-0.0905609,-1.12296,-0.380356,0
1.16647,-0.0724487,-1.15918,-0.326019,0
1.18327,-0.0543365,-1.17729,-0.326019,0
1.20008,-0.0905609,-1.15918,-0.289795,0
1.21691,-0.126785,-1.08673,-0.326019,0
1.23369,-0.126785,-1.08673,-0.41658,0
1.25034,-0.0724487,-1.10484,-0.41658,0
1.2675,-0.0543365,-1.10484,-0.380356,0
1.2843,-0.0724487,-1.06862,-0.362244,0
1.30109,-0.0724487,-1.06862,-0.344131,0
1.31784,-0.0543365,-1.08673,-0.362244,0
1.33467,-0.0543365,-1.10484,-0.380356,0
1.35147,-0.0543365,-1.06862,-0.380356,0
1.36905,-0.0543365,-1.05051,-0.362244,0
1.38523,-0.0181122,-1.03239,-0.307907,0
1.40146,0.0362244,-1.06862,-0.289795,0
1.41873,0.0543365,-1.08673,-0.307907,0
1.43537,0.0362244,-1.08673,-0.344131,0
1.45219,-0.0181122,-1.06862,-0.307907,0
1.46912,-0.0362244,-1.01428,-0.307907,0
1.48585,-0.0543365,-1.01428,-0.307907,0
1.50264,-0.0543365,-1.01428,-0.307907,0
1.51942,-0.0181122,-1.03239,-0.307907,0
1.53625,0.0181122,-1.03239,-0.307907,0
1.55304,-0.0181122,-1.01428,-0.271683,0
1.56979,-0.0181122,-0.99617,-0.271683,0
1.58664,0.0181122,-1.01428,-0.253571,0
1.60339,0.0362244,-0.978058,-0.271683,0
1.6202,0.0543365,-0.99617,-0.307907,0
1.63702,0.0724487,-0.99617,-0.326019,0
1.65381,0.0181122,-0.978058,-0.235458,0
1.67062,0,-0.941833,-0.217346,0
1.68812,0.0181122,-0.941833,-0.217346,0
1.7045,0.0543365,-0.978058,-0.199234,0
1.72119,0.0362244,-0.959946,-0.199234,0
1.73723,0.0362244,-0.978058,-0.199234,0
1.75491,-0.0181122,-0.941833,-0.217346,0
1.77171,0.0362244,-0.905609,-0.181122,0
1.7885,0.0905609,-0.978058,-0.217346,0
1.80531,0.0905609,-0.959946,-0.217346,0
1.82212,0.0362244,-0.941833,-0.181122,0
1.83895,-0.0362244,-0.905609,-0.144897,0
1.85578,0.0181122,-0.905609,-0.126785,0
1.87256,0,-0.905609,-0.126785,0
1.88936,0.0543365,-0.905609,-0.144897,0
1.90622,0.0362244,-0.905609,-0.16301,0
1.92298,0.0362244,-0.887497,-0.181122,0
1.93979,0.0181122,-0.905609,-0.181122,0
1.95665,0.0362244,-0.905609,-0.126785,0
1.97343,0.0724487,-0.923721,-0.108673,0
1.99022,0.0362244,-0.923721,-0.108673,0
2.00705,-0.0181122,-0.923721,-0.108673,0
2.02448,-0.0181122,-0.941833,-0.126785,0
2.04079,0.0543365,-0.978058,-0.144897,0
2.05706,0.0724487,-1.01428,-0.181122,0
2.07422,0.0362244,-0.978058,-0.108673,0
2.09092,-0.0181122,-0.941833,-0.108673,0
2.10775,-0.0543365,-0.941833,-0.108673,0
2.12458,-0.0362244,-0.941833,-0.108673,0
2.14143,-0.0362244,-0.99617,-0.144897,0
2.15819,-0.0181122,-0.959946,-0.126785,0
2.175,-0.0543365,-0.923721,-0.0543365,0
2.19181,-0.0724487,-0.905609,-0.0724487,0
2.20861,-0.0724487,-0.941833,-0.0543365,0
2.22544,-0.0181122,-0.941833,-0.0905609,0
2.24224,0,-0.959946,-0.0905609,0
2.25911,-0.0543365,-0.923721,-0.0905609,0
2.27594,-0.108673,-0.905609,-0.0905609,0
2.29269,-0.108673,-0.923721,-0.0905609,0
2.30954,-0.0905609,-0.959946,-0.108673,0
2.32651,-0.0543365,-0.978058,-0.126785,0
2.34379,-0.0362244,-0.978058,-0.108673,0
2.36021,-0.0362244,-0.99617,-0.108673,0
2.37733,-0.0543365,-0.99617,-0.108673,0
2.39342,-0.0724487,-0.978058,-0.126785,0
2.40981,-0.0362244,-1.01428,-0.144897,0
2.42727,0.0362244,-1.01428,-0.0724487,0
2.44396,0.0362244,-0.99617,-0.0543365,0
2.46076,-0.0181122,-0.978058,-0.0543365,0
2.47759,0.0362244,-1.01428,-0.0905609,0
2.49439,0.0181122,-1.01428,-0.144897,0
2.51119,0.0362244,-1.01428,-0.16301,0
2.5283,-0.0181122,-0.99617,-0.0543365,0
2.54512,0,-1.01428,-0.0543365,0
2.56195,0.0543365,-1.05051,-0.0724487,0
2.57888,0.0543365,-1.05051,-0.0724487,0
2.59559,-0.0181122,-0.99617,-0.0724487,0
2.61242,-0.0543365,-1.01428,-0.0362244,0
2.62922,-0.0543365,-0.99617,-0.0543365,0
